
### BEGIN /etc/grub.d/47_custom_proxy ###
submenu "Grubtify (Music Player)"{
menuentry "Close Encounters/5 Tone" {
	   echo "Close Encounters/5 Tone"
	   play 480 900 2 1000 2 800 2 400 2 600 3
	  
}
menuentry "Fur Elise [Semi OC]"{
	echo "Fur Elise [Semi OC]"
	play 28800 0 16 659 92 0 6 622 94 659 92 0 4 622 92 0 4 659 92 0 4 494 92 0 6 587 94 0 2 523 94 440 2 110 90 440 4 165 92 0 4 220 92 0 4 262 92 0 6 330 94 440 92 0 4 494 2 82 90 494 4 165 92 0 4 208 92 0 4 330 92 0 4 415 92 0 4 494 92 0 4 523 2 110 94 523 2 165 94 0 2 220 94 330 92 0 4 659 92 0 4 622 92 0 4 659 92 0 6 622 94 659 92 0 4 494 92 0 6 587 94 523 92 0 4 440 2 110 90 440 4 165 92 0 4 220 92 0 6 262 94 330 92 0 6 440 94 494 2 82 90 494 6 165 94 208 92 0 4 294 98 523 94 494 92 0 4 440 2 110 90 262 4 165 92 0 4 220 92 0 102 659 94 622 92 0 6 659 94 622 92 0 4 659 92 0 4 494 92 0 4 587 92 0 4 523 92 0 4 110 92 440 6 165 94 220 92 0 4 262 92 0 4 330 92 0 4 440 92 0 4 82 2 494 94 165 92 494 4 208 92 0 4 330 92 0 4 415 92 0 6 494 94 110 2 523 96 165 94 220 92 0 4 330 92 0 4 659 92 0 4 622 92 0 6 659 94 0 2 622 94 659 92 0 4 494 92 0 4 587 92 0 4 523 92 0 4 110 2 110 90 440 4 165 92 0 4 220 92 0 4 262 92 0 4 330 92 0 4 440 92 0 4 494 2 82 90 494 6 165 94 208 92 0 4 294 96 523 92 294 4 494 92 0 4 440 2 110 94 262 2 165 94 220 92 0 4 494 92 0 4 523 92 0 4 587 92 0 4 131 2 659 94 196 92 659 6 262 94 392 92 0 4 698 92 0 4 659 92 0 6 98 94 196 92 587 6 247 94 349 92 0 4 659 92 0 4 587 92 0 4 110 2 110 90 523 6 165 94 220 92 0 4 330 92 0 4 587 92 0 4 523 92 0 4 82 92 0 4 165 92 0 6 330 94 0 2 330 94 0 2 659 94 0 2 330 94 659 92 0 6 659 94 0 2 1319 94 622 92 0 4 659 92 0 4 622 92 0 4 659 92 0 4 622 92 0 4 659 92 0 4 622 92 0 6 659 94 0 2 622 94 659 92 0 4 622 92 0 4 659 92 0 6 494 94 587 92 0 4 523 92 0 4 110 2 440 94 165 92 0 4 220 92 0 4 262 92 0 4 330 92 0 4 440 92 0 4 82 2 494 94 165 92 494 4 208 92 0 6 330 94 415 92 0 4 494 92 0 4 110 2 110 90 523 4 165 92 523 4 220 92 0 4 330 92 0 4 659 92 0 6 622 94 659 92 0 4 622 92 0 4 659 92 0 4 494 92 0 4 587 92 0 6 523 94 110 2 440 96 165 94 220 92 0 4 262 92 0 4 330 92 0 4 440 92 0 4 494 2 82 90 494 4 165 92 0 6 208 94 294 96 523 92 294 6 494 94 110 2 440 94 165 92 440 4 220 92 0 4 494 92 0 4 523 92 0 4 587 92 0 4 659 2 131 94 196 92 659 4 262 92 0 4 392 92 0 4 698 92 0 6 659 94 98 2 587 96 196 94 247 92 0 4 349 92 0 6 659 94 0 2 587 94 110 2 523 94 165 92 523 4 220 92 0 6 330 94 587 92 0 4 523 92 0 4 494 2 82 94 165 92 0 6 330 94 0 2 330 42 0 52 659 92 0 6 330 94 659 92 0 4 659 44 0 54 1319 46 0 48 622 92 0 4 659 92 0 4 622 44 0 52 659 92 0 4 622 92 0 4 659 92 0 4 622 44 0 52 659 92 0 4 622 44 0 54 659 94 622 92 0 4 659 92 0 4 494 92 0 4 587 92 0 4 523 44 0 52 440 2 110 94 165 92 0 4 220 92 0 4 262 92 0 6 330 94 440 92 0 4 82 92 494 6 165 94 208 92 0 4 330 92 0 4 415 92 0 4 494 92 0 4 523 2 110 94 165 92 0 4 220 92 0 4 330 44 0 54 659 94 0 2 622 94 659 92 0 4 622 92 0 4 659 92 0 4 494 92 0 4 587 92 0 4 523 92 0 4 110 92 440 4 165 92 0 6 220 94 262 92 0 4 330 92 0 4 440 92 0 4 82 2 494 94 165 92 0 4 208 92 0 6 294 94 523 92 0 4 494 44 0 52 110 2 440 94 165 92 0 4 220 92 0 4 262 2 262 90 233 4 523 2 262 94 392 2 262 90 196 4 175 2 523 94 220 92 523 4 262 92 523 6 220 94 698 2 262 94 698 2 220 48 659 46 175 2 175 90 659 4 233 92 0 4 294 92 587 6 233 94 294 92 932 4 233 50 880 46 175 2 880 94 294 2 294 90 0 4 698 2 175 90 233 4 659 2 294 94 233 2 175 94 294 92 0 4 175 92 466 4 220 92 0 4 262 2 262 90 440 4 220 48 466 44 0 4 262 2 440 46 262 2 392 46 440 2 220 48 466 46 175 2 175 90 523 4 220 92 523 6 262 94 523 2 220 94 262 2 587 90 0 4 622 2 220 94 0 2 165 94 220 92 659 4 262 92 0 4 220 2 220 90 0 4 698 2 294 94 440 2 175 90 0 4 196 2 523 94 330 92 0 4 196 2 587 46 196 2 523 46 330 2 494 42 330 4 523 44 0 4 196 2 196 90 587 6 349 46 494 44 349 4 330 2 330 46 784 44 0 6 392 46 784 44 0 4 440 44 0 4 784 44 0 4 392 2 349 46 784 44 349 4 330 2 523 42 392 6 784 46 294 2 349 46 784 44 0 4 392 2 262 46 784 44 330 4 1047 44 0 6 988 46 220 2 175 46 784 44 175 4 698 44 175 4 659 44 175 4 247 2 196 46 784 44 196 4 698 44 0 4 587 44 0 4 262 2 523 46 262 2 784 46 392 44 0 6 784 46 440 44 0 4 784 44 0 4 392 2 349 46 784 44 349 4 392 2 330 46 784 44 0 4 294 2 349 48 784 46 330 2 262 46 784 44 0 6 1047 46 0 2 988 46 880 2 220 46 784 44 220 4 698 44 0 4 659 44 0 4 196 2 196 48 784 46 698 44 0 6 587 46 247 2 208 46 698 44 208 4 659 44 208 4 622 44 208 4 0 2 659 46 0 2 494 46 659 44 0 4 622 44 0 6 659 46 494 44 0 6 659 46 622 44 0 4 659 284 0 4 494 92 0 4 659 92 0 4 622 92 0 4 659 284 0 4 494 92 0 4 659 92 0 4 622 92 0 4 659 92 0 6 622 94 659 92 0 6 622 94 659 92 0 4 622 92 0 6 659 94 622 92 0 4 659 92 0 4 494 92 0 4 587 92 0 4 523 92 0 4 110 2 440 94 165 92 0 4 220 92 0 4 262 92 0 6 330 94 440 92 0 6 82 94 165 92 494 4 208 92 0 4 330 92 0 4 415 92 0 4 494 92 0 4 110 92 523 6 165 94 220 92 0 4 330 92 0 6 659 94 622 92 0 4 659 92 0 6 622 94 659 92 0 6 494 94 587 92 0 6 523 94 440 2 110 90 440 4 165 92 0 6 220 94 262 92 0 4 330 92 0 4 440 92 0 4 82 92 494 4 165 92 0 4 208 92 0 4 294 92 0 6 523 94 494 92 0 4 110 2 262 94 165 92 262 4 220 92 0 4 494 92 0 6 523 94 587 92 0 4 131 2 131 90 659 4 196 92 659 4 262 92 0 6 392 94 0 2 698 94 659 92 0 4 98 2 587 96 196 94 247 92 587 4 349 92 0 4 659 92 0 6 587 94 523 2 110 90 523 4 165 92 523 4 220 92 0 4 330 92 0 4 587 92 0 4 523 92 0 4 494 2 82 90 0 6 165 94 330 92 0 4 0 2 330 90 0 4 659 92 0 4 330 92 0 4 659 92 0 6 659 94 1319 92 0 4 622 92 0 4 659 92 0 4 622 92 0 6 659 94 622 92 0 4 659 92 0 4 622 92 0 4 659 92 0 4 622 92 0 4 659 92 0 4 622 92 0 4 659 92 0 4 494 92 0 4 587 92 0 4 523 92 0 4 440 2 110 94 165 92 440 6 220 94 262 92 0 4 330 92 0 4 440 92 0 4 82 2 494 94 165 92 494 4 0 2 208 94 330 92 0 6 415 94 494 92 0 6 110 94 523 2 165 94 0 2 220 94 330 92 0 6 659 94 622 92 0 4 659 92 0 6 622 94 659 92 0 6 494 94 0 2 587 94 0 2 523 94 440 2 110 90 440 4 165 92 440 4 220 92 0 4 262 92 0 4 330 92 0 6 440 94 494 2 82 90 494 4 165 92 0 4 208 92 0 6 294 94 523 92 294 4 494 92 294 4 110 2 262 96 110 94 0 2 110 90 0 4 0 2 110 90 0 6 110 94 0 2 110 94 110 2 554 94 110 92 554 4 110 92 554 6 110 94 110 92 554 4 110 92 0 4 349 2 110 90 440 4 440 2 110 90 440 6 110 94 0 2 110 90 0 4 659 2 110 90 0 4 698 2 110 90 0 4 587 2 110 90 415 4 415 2 110 90 415 6 110 94 110 92 0 4 415 2 110 94 0 2 110 90 0 4 523 2 110 94 110 92 659 4 110 92 659 4 110 92 659 6 110 94 110 92 0 4 110 2 73 94 73 2 110 94 110 92 0 4 73 2 73 90 0 4 73 2 330 94 73 2 110 90 0 4 78 2 110 94 78 92 370 4 78 2 110 94 110 2 78 90 0 4 440 2 78 94 0 2 110 90 0 4 82 2 440 94 110 2 82 94 330 2 110 94 110 2 82 90 0 4 82 2 104 90 494 4 82 2 82 90 0 4 262 2 110 90 55 4 110 92 440 4 110 92 440 4 110 92 0 4 110 92 0 4 110 92 0 4 466 2 110 94 554 2 110 94 554 2 110 94 110 92 554 4 110 92 0 4 110 92 0 4 349 2 110 90 440 4 110 92 440 6 110 94 110 92 0 4 554 2 110 94 698 2 110 94 110 2 698 94 110 92 698 4 110 92 587 4 110 92 0 4 110 2 587 94 110 92 0 4 117 2 117 90 587 4 117 92 587 4 117 92 587 4 587 2 117 90 587 6 117 94 0 2 117 94 392 2 117 94 622 2 117 90 622 4 117 92 622 4 117 92 0 4 349 2 117 90 587 4 523 2 117 90 0 4 117 2 466 94 117 92 466 4 117 92 466 4 117 92 294 4 117 2 294 96 117 94 349 2 123 90 294 4 294 2 123 90 294 6 123 94 0 2 123 90 0 4 294 2 123 94 0 2 123 90 0 4 330 2 131 186 262 96 0 292 165 2 208 186 0 388 55 64 262 60 55 4 330 60 0 4 440 60 0 4 523 60 0 4 659 60 0 4 220 2 262 62 523 60 262 4 494 60 262 4 262 2 220 64 523 62 0 2 659 62 880 60 0 4 1047 60 0 4 1319 60 0 4 262 2 330 62 1047 60 0 4 988 60 0 4 220 2 262 62 1047 60 0 6 1319 62 1760 60 0 6 2093 62 2637 60 0 4 330 2 262 64 2093 62 0 2 1976 62 262 2 1865 62 1760 60 0 6 1661 62 1568 60 0 6 1480 62 0 2 1397 62 1319 60 0 4 1245 60 0 4 1175 60 0 4 1109 60 0 4 1047 60 0 6 988 62 932 60 0 4 880 60 0 4 831 60 0 4 784 60 0 6 740 62 698 60 0 4 659 92 0 4 622 92 0 6 659 94 494 92 0 6 587 94 523 92 0 4 110 2 440 96 165 94 220 92 0 6 262 94 0 2 330 94 440 92 0 4 494 2 82 90 494 4 165 92 0 4 208 92 0 6 330 94 0 2 415 94 494 92 0 4 110 2 110 90 523 4 165 92 523 4 220 92 0 4 330 92 0 4 659 92 0 6 622 94 659 92 0 4 622 92 0 4 659 92 0 4 494 92 0 4 587 92 0 4 523 92 0 4 110 2 440 96 165 94 0 2 220 94 262 92 0 4 330 92 0 4 440 92 0 4 82 2 82 90 494 6 165 94 208 92 0 4 294 92 0 6 523 94 0 2 494 94 110 2 262 96 165 94 0 2 220 94 494 92 0 4 523 92 0 4 587 92 0 4 659 2 131 94 659 2 196 94 659 2 262 94 0 2 392 94 0 2 698 94 659 92 0 4 98 92 587 4 196 92 587 4 247 92 0 6 349 94 659 92 0 4 587 92 0 4 110 2 110 90 523 4 165 92 523 4 220 92 523 4 0 2 330 94 587 92 0 4 523 92 0 4 82 2 82 90 0 4 165 92 0 4 330 92 0 4 330 92 0 4 659 92 0 4 330 92 0 6 659 94 0 2 659 94 0 2 1319 94 622 92 0 4 659 92 0 4 622 92 0 4 659 92 0 6 622 94 659 92 0 4 622 92 0 6 659 94 622 92 0 4 659 92 0 4 622 92 0 4 659 92 0 4 494 92 0 4 587 92 0 4 523 92 0 4 110 2 110 90 440 4 165 92 440 6 220 94 262 92 0 4 330 92 0 4 440 92 0 4 494 2 82 94 165 92 494 6 208 94 0 2 330 94 415 92 0 4 494 92 0 4 110 2 523 94 165 92 0 4 220 92 0 6 330 94 659 92 0 4 622 92 0 4 659 92 0 4 622 92 0 4 659 92 0 4 494 92 0 4 587 92 0 4 523 92 0 4 110 2 440 94 165 92 0 6 220 94 262 92 0 4 330 92 0 4 440 92 0 4 494 2 82 90 494 4 165 92 0 4 208 92 0 6 294 94 523 92 294 4 494 92 294 4 55 2 110 378 440 4
}
menuentry "Fur Elise [Bagatella]"{
	echo "Fur Elise [Bagatella]"
	play 19080 0 235 659 62 622 65 659 55 622 59 659 59 494 58 587 60 0 1 523 61 110 2 440 58 165 60 220 59 262 50 0 7 330 57 440 54 494 4 82 56 165 53 208 56 330 59 415 65 494 65 110 1 523 66 165 63 220 59 0 2 330 66 659 60 622 60 0 3 659 56 622 56 659 55 494 58 587 58 523 63 110 55 440 9 165 55 440 6 220 54 262 60 330 55 0 5 440 46 0 9 494 60 165 50 0 10 208 55 330 61 523 61 0 2 494 56 0 10 440 1 110 69 165 75 220 131 659 59 622 60 659 60 622 55 659 61 494 64 587 51 0 6 523 60 440 3 110 52 440 3 165 56 220 54 262 65 330 55 440 55 494 1 82 45 494 14 165 48 494 9 208 59 0 1 330 53 415 60 494 55 0 4 523 1 110 60 165 60 0 1 220 59 0 6 330 61 659 58 622 55 659 61 622 54 659 57 494 64 587 64 523 65 440 1 110 58 440 6 165 55 220 59 0 2 262 54 330 60 440 50 0 5 82 45 494 15 165 58 494 1 0 6 208 50 0 6 330 64 523 58 0 6 494 58 0 8 110 2 440 63 165 65 220 41 0 15 494 59 523 61 587 67 131 60 659 2 196 61 262 54 392 55 698 60 659 60 587 1 98 53 587 8 196 53 587 4 0 1 247 45 0 10 349 65 659 61 587 61 523 1 110 63 165 62 220 58 330 62 587 55 0 2 523 70 494 1 82 58 494 11 165 55 494 17 0 7 330 86 0 3 659 38 0 40 330 40 0 30 659 25 0 40 659 59 0 10 1319 37 0 37 622 75 0 12 659 70 0 11 622 78 659 81 622 95 659 115 622 93 0 11 659 85 622 70 659 70 622 60 659 65 494 66 587 70 523 74 440 2 110 55 440 4 165 60 220 28 0 26 262 58 0 3 330 50 0 4 440 50 0 2 494 3 82 40 494 17 165 52 494 6 208 52 0 3 330 57 415 58 0 2 494 50 0 8 110 57 523 3 165 61 220 67 0 2 330 60 0 5 659 58 622 57 659 61 622 55 0 2 659 56 494 57 587 60 523 64 440 3 110 57 165 55 440 5 220 60 262 65 330 61 440 53 0 3 82 1 494 57 165 50 494 10 208 60 0 2 330 63 523 67 0 4 494 57 0 12 110 1 440 69 165 75 440 2 220 67 0 36 262 2 233 75 0 7 523 1 262 37 220 18 523 3 0 12 523 59 0 7 349 23 440 26 523 1 175 51 220 53 262 47 220 45 0 2 262 1 698 44 220 33 659 15 220 3 0 5 659 1 175 49 233 47 587 3 294 40 233 45 0 2 932 3 294 40 233 31 880 16 233 6 0 7 880 1 175 47 330 3 784 44 698 1 233 1 175 1 196 45 698 3 330 40 659 9 196 1 233 1 175 42 233 2 0 6 330 23 523 25 466 2 175 51 466 2 220 48 0 5 262 45 0 4 220 30 0 13 466 1 262 16 440 18 262 1 392 18 0 1 440 1 220 24 466 28 175 46 523 3 220 50 262 49 220 43 0 7 587 1 262 50 587 5 622 58 165 50 220 51 262 43 0 6 220 46 659 9 0 1 147 1 698 49 175 53 196 1 523 50 330 45 523 5 196 37 0 3 587 2 330 18 523 20 494 20 523 15 196 45 349 15 587 3 0 3 494 18 0 17 262 1 330 29 784 29 392 25 0 2 784 28 440 25 784 24 392 1 494 25 0 1 784 24 523 3 330 16 523 11 0 1 784 28 587 1 392 15 294 1 587 11 0 3 784 31 0 4 262 1 659 29 784 31 1047 29 988 35 880 31 784 24 698 30 659 30 196 27 784 28 698 25 587 35 523 2 262 33 784 30 392 26 0 1 784 28 440 25 784 26 349 1 494 26 349 3 784 29 523 1 330 25 784 29 587 1 392 29 0 4 784 36 659 1 262 30 784 30 1047 34 988 35 880 1 220 29 784 25 698 30 659 32 247 1 196 28 784 36 698 33 587 30 0 9 659 1 208 2 247 33 698 33 659 32 622 30 247 5 659 36 494 28 208 4 0 2 659 35 0 3 622 37 659 35 494 25 0 12 659 36 0 2 622 60 659 240 494 70 659 71 622 85 0 9 659 266 494 95 0 14 659 100 622 100 659 59 0 21 622 87 659 59 0 29 622 131 659 89 0 30 622 93 0 8 659 74 622 75 659 67 494 64 587 63 0 2 523 71 440 4 110 60 165 54 220 60 262 55 330 55 0 5 440 51 0 3 494 1 82 40 494 12 165 48 494 6 208 49 330 47 415 58 494 60 0 5 110 70 165 60 220 52 330 55 0 10 659 58 622 65 659 60 622 51 659 54 494 56 587 54 523 70 440 2 110 56 440 4 165 60 220 53 262 51 330 51 440 51 0 2 494 57 165 36 0 12 208 51 330 56 523 55 494 59 0 2 440 3 110 55 440 5 165 61 220 38 0 11 494 59 523 52 587 58 659 2 131 53 196 55 262 45 392 56 698 54 659 58 98 2 587 56 196 43 587 11 247 50 349 56 659 56 587 56 0 7 523 1 110 56 165 58 220 60 330 62 587 59 0 2 523 72 494 2 82 52 494 16 165 60 330 30 0 35 330 60 0 5 659 56 330 60 0 6 659 45 0 24 659 79 1319 60 0 17 622 97 0 7 659 89 0 30 622 97 0 3 659 67 0 14 622 85 659 80 0 15 622 85 0 9 659 85 622 75 659 60 622 55 0 5 659 55 494 65 587 71 523 84 440 61 165 54 220 45 0 15 262 46 0 4 330 55 440 50 0 5 82 37 494 19 165 45 494 9 208 52 0 3 330 45 415 55 494 55 0 10 523 2 110 63 165 55 220 60 330 51 0 14 659 66 622 59 659 62 622 53 659 50 494 57 587 53 523 60 440 5 110 55 165 45 220 52 0 3 262 42 0 9 330 54 440 50 0 8 494 2 82 40 494 12 165 53 494 5 208 45 330 55 523 61 494 70 0 4 440 2 110 26 440 37 110 20 440 35 110 18 440 34 110 20 0 34 110 30 0 29 110 18 0 38 110 25 330 34 110 20 330 22 392 8 110 20 466 21 554 9 110 20 554 31 0 4 110 20 0 33 110 20 0 29 587 1 349 2 440 1 110 20 440 34 110 15 440 16 587 11 0 8 110 18 0 28 110 16 0 33 554 32 659 8 0 10 110 18 587 12 698 15 0 10 110 1 415 54 110 20 415 30 110 16 0 37 110 16 0 35 110 1 698 50 110 18 0 32 659 1 440 49 110 15 440 35 110 18 440 32 110 15 440 36 110 15 0 34 110 15 0 37 587 1 110 21 73 9 587 25 73 20 587 27 73 1 110 20 73 2 587 24 110 1 73 15 110 2 587 11 0 19 73 3 330 42 73 16 494 39 78 20 110 11 440 24 78 18 110 3 440 17 0 7 110 20 0 25 110 20 0 29 78 21 262 25 78 1 110 25 0 29 82 1 440 49 110 2 82 20 440 30 82 17 110 3 330 26 82 2 110 16 330 30 494 1 82 18 494 38 82 18 494 38 294 5 110 1 440 1 262 59 110 21 262 29 110 20 262 31 110 18 262 31 0 1 110 15 0 30 110 16 0 36 554 2 466 1 110 25 466 21 110 28 466 21 110 25 466 25 110 28 466 21 110 30 0 20 110 25 0 22 587 3 349 50 110 15 349 30 110 27 349 20 110 22 0 21 110 1 554 1 659 35 0 16 110 1 587 21 698 8 0 22 110 1 698 44 110 17 698 28 110 17 698 31 110 15 698 27 0 8 110 2 587 49 110 20 587 20 0 11 698 60 117 15 698 30 117 17 698 23 117 18 698 2 587 5 0 20 117 15 0 33 117 15 0 37 622 1 392 46 117 20 392 12 0 17 117 20 0 29 117 15 0 33 587 47 523 55 117 1 466 1 294 46 117 15 294 32 117 20 294 2 466 24 0 4 117 20 0 35 440 1 117 20 294 15 440 14 117 20 440 30 0 3 415 50 123 23 415 27 123 20 0 30 123 18 0 29 294 1 349 52 123 15 349 22 0 25 131 1 330 1 440 149 0 225 165 149 494 30 0 215 55 1 220 38 55 2 262 34 330 37 440 37 523 36 659 35 587 1 220 36 523 35 494 28 0 5 220 40 523 35 659 30 0 5 880 30 0 5 1047 36 1319 34 330 1 1175 36 0 3 1047 33 988 30 0 3 880 36 1047 38 1319 20 220 20 1760 40 2093 37 2637 43 2349 1 220 44 2093 35 1976 49 262 1 220 1 330 49 1760 45 1661 40 1568 40 1480 40 1397 40 1319 35 1245 40 1175 40 1109 45 1047 40 988 40 932 40 880 47 831 48 0 5 784 66 740 79 698 110 659 95 622 70 659 57 494 58 587 62 523 88 440 2 110 63 165 60 220 43 0 12 262 50 0 1 330 41 0 8 440 48 0 4 494 48 165 47 208 21 0 23 330 44 415 45 494 51 0 4 523 3 110 57 165 50 220 50 330 55 659 56 622 59 659 55 622 45 659 50 494 45 587 53 0 2 523 54 110 1 440 60 165 45 220 47 262 40 0 3 330 45 0 5 440 42 0 3 494 1 82 41 494 18 165 48 494 7 208 37 0 13 330 48 0 2 523 45 0 5 494 45 0 7 110 1 440 63 165 64 220 55 494 55 523 58 587 57 659 60 196 51 262 40 392 54 698 51 659 49 587 55 196 50 247 43 0 3 349 51 659 53 587 55 110 57 523 3 165 51 220 59 330 60 587 55 0 5 523 70 494 1 82 63 494 18 165 58 0 11 330 35 0 35 330 41 0 34 659 38 0 21 330 45 0 30 659 30 0 45 659 66 0 24 1319 70 0 16 622 115 659 65 0 24 622 71 0 19 659 72 0 8 622 125 659 88 0 19 622 98 0 1 659 84 622 75 659 72 622 55 659 63 494 56 587 66 523 75 440 1 110 63 165 50 0 9 220 50 262 45 0 5 330 45 0 7 440 51 82 40 494 13 165 55 208 50 330 49 415 55 494 68 523 2 110 70 165 65 220 60 330 60 0 5 659 56 622 54 659 60 622 51 659 55 494 54 587 59 523 65 110 65 440 1 165 50 220 51 262 54 330 60 0 5 440 50 0 7 82 1 494 64 165 46 494 9 0 13 208 36 0 29 294 85 523 95 494 128 55 389
}
menuentry "Fur Elise (note long)"{
	echo "Fur Elise (note long)"
	   play 480 420 1 400 1 420 1 400 1 420 1 315 1 370 1 335 1 282 3 180 1 215 1 282 1 315 3 213 1 262 1 315 1 335 3 213 1 420 1 400 1 420 1 400 1 420 1 315 1 370 1 335 1 282 3 180 1 215 1 282 1 315 3 213 1 330 1 315 1 282 3
}
menuentry "Berlioz's extract from Sabbath Night of Symphonie Fantastique"{
	  echo "Berlioz's extract from Sabbath Night of Symphonie Fantastique"
	   play 312 262 3 247 3 262 3 220 3 247 3 196 3 220 3 220 3 262 3 262 3 294 3 262 3 247 3 220 3 196 3 247 3 262 3 247 5 220 1 220 5
}
menuentry "Oldskool Batman tune"{
	echo "Oldskool Batman tune"
	   play 380 120 1 140 1 160 1 200 8 190 4
}
menuentry "Legend of Zelda tune"{
	   echo "Legend of Zelda tune"
	   play 12000 440 100 0 1 329 150 440 50 0 1 440 25 493 25 523 25 587 25 659 200
}
menuentry "Super Mario"{
	   echo "Super Mario"
	   play 1000 334 1 334 1 0 1 334 1 0 1 261 1 334 1 0 1 392 2 0 4 196 2
}
menuentry "Super Mario Alternate"{
	echo "Super Mario Alternate"
	   play 480 165 2 165 2 165 3 554 1 587 1 554 2 370 1 554 1 523 2 349 1 523 1 494 3 165 2 165 2 165 2
}
menuentry "Mario Mushroom"{
	   echo "Mario Mushroom"
	   play 1750 523 1 392 1 523 1 659 1 784 1 1047 1 784 1 415 1 523 1 622 1 831 1 622 1 831 1 1046 1 1244 1 1661 1 1244 1 466 1 587 1 698 1 932 1 1175 1 1397 1 1865 1 1397 1
}
menuentry "Start Wars Imperial Death March"{
	echo "Star Wars Imperial Death March"
	   play 480 440 4 440 4 440 4 349 3 523 1 440 4 349 3 523 1 440 8 659 4 659 4 659 4 698 3 523 1 415 4 349 3 523 1 440 8
}
menuentry "My Little Pony"{
	  echo "My Little Pony"
	   play 2400 587 18 554 4 587 8 659 12 587 16 0 10 587 4 659 4 740 8 587 4 784 12 740 8 659 8 587 4 740 20 587 40
}
menuentry "Wolfenstein 3D"{
	  echo "Wolfenstein 3D"
	   play 300 131 1 196 1 196 1 196 1 294 1 196 1 294 1 196 1 131 1
}
menuentry "Mall(Nothing Special)"{
	echo "Mall (Nothing Special)"
	   play 180 440 1 554 1 659 1
}
menuentry "Final Countdown"{
	echo "Final Countdown"
	   play 480 554 1 494 1 554 4 370 6 10 3 587 1 554 1 587 2 554 2 494 6
}
menuentry "Xie-Jelei's Tune"{
	echo "Xie-Jelei's Tune"
	   play 2000 400 4 0 1 500 4 0 1 600 4 0 1 800 6
	 
}
menuentry "Random tune"{
	echo "Random tune"
	   play 480 220 1 277 1 330 1 440 1 185 1 220 1 277 1 370 1 294 1 370 1 440 1 587 1 330 1 415 1 494 1 659 1
}
menuentry "Fleetwood Mac: The Chain Bass Riff (about 5 seconds)"{
	 echo "Fleetwood Mac: The Chain Bass Riff (about 5 seconds)"
	   play 304 55 5 0 1 55 1 62 1 65 2 62 1 55 1 49 1 55 1 62 2 41 8
}
menuentry "Portal Still Alive [Semi-OC]"{
	echo "Portal Still alive"
	   play 122880 0 2069 784 479 0 31 740 474 0 31 659 504 0 1 659 476 0 35 220 542 294 508 370 505 294 510 247 510 294 505 370 505 294 511 220 542 294 508 370 505 294 510 247 510 294 505 370 505 294 511 220 542 294 508 370 505 294 510 247 510 294 505 370 505 294 511 220 542 294 508 370 505 294 510 247 510 294 505 370 505 294 511 247 542 330 508 392 505 330 510 247 510 330 505 392 505 330 511 220 542 330 508 392 505 330 510 220 510 330 505 392 505 330 511 220 542 294 508 370 505 294 510 247 510 294 505 370 505 294 511 220 542 294 508 370 505 294 510 247 510 294 505 370 505 294 511 220 542 294 508 370 505 294 510 247 510 294 505 370 505 294 511 220 542 294 508 370 505 294 510 247 510 294 505 370 505 294 511 220 542 294 508 370 505 294 510 247 510 294 505 370 505 294 511 220 542 294 508 370 505 294 510 247 510 294 505 370 505 294 511 247 542 330 508 392 505 330 510 247 510 330 505 392 505 330 511 220 542 330 508 392 505 330 510 220 510 330 505 392 505 330 511 233 542 294 508 349 505 466 540 0 985 440 474 0 31 466 476 0 35 175 542 262 508 349 505 262 510 196 510 294 505 349 505 294 511 220 542 262 508 349 505 262 510 175 510 262 505 349 505 262 511 175 542 262 508 349 505 262 510 196 510 294 505 349 505 294 511 220 542 262 508 349 505 262 510 220 510 262 505 349 505 262 511 233 542 349 508 440 505 349 510 233 510 349 505 440 505 349 511 220 542 262 508 349 505 262 510 220 510 262 505 349 505 262 511 220 542 262 508 349 505 262 510 220 510 262 505 330 505 370 511 220 1050 740 505 220 509 587 1 185 510 587 505 740 505 185 506 587 5 220 542 587 508 740 505 220 509 587 1 185 510 587 505 740 505 185 506 587 5 220 542 587 508 740 505 220 509 587 1 185 510 587 505 740 505 185 506 587 5 220 542 587 508 740 505 220 509 440 1 185 510 740 505 659 504 0 1 185 506 659 5 220 542 294 508 370 505 294 510 247 510 294 505 370 505 294 511 220 542 294 508 370 505 294 510 247 510 294 505 370 505 294 511 220 542 294 508 370 505 294 510 247 510 294 505 370 505 294 511 220 542 294 508 370 505 294 510 247 510 294 505 370 505 294 511 247 542 330 508 392 505 330 510 247 510 330 505 392 505 330 511 220 542 330 508 392 505 330 510 220 510 330 505 392 505 330 511 220 542 294 508 370 505 294 510 247 510 294 505 370 505 294 511 220 542 294 508 370 505 294 510 247 510 294 505 370 505 294 511 220 542 294 508 370 505 294 510 247 510 294 505 370 505 294 511 220 542 294 508 370 505 294 510 247 510 294 505 370 505 294 511 220 542 294 508 370 505 294 510 247 510 294 505 370 505 294 511 220 542 294 508 370 505 294 510 247 510 294 505 370 505 294 511 247 542 330 508 392 505 330 510 247 510 330 505 392 505 330 511 220 542 330 508 392 505 330 510 220 510 330 505 392 505 330 511 233 542 659 477 233 30 0 1 233 505 523 479 233 30 0 1 233 509 0 1 233 504 0 1 233 504 0 1 233 506 175 5 175 26 131 1024 698 505 175 509 0 1 262 510 587 504 262 1 587 474 262 30 0 1 262 506 0 5 233 542 523 507 233 1 523 505 233 509 0 1 175 1015 440 474 175 30 0 1 175 506 0 5 175 1050 698 505 175 509 0 1 262 510 698 474 262 31 659 474 262 30 0 1 262 506 0 5 233 542 659 477 233 31 698 505 233 509 0 1 175 1015 784 474 175 30 0 1 175 506 0 5 233 542 932 477 233 31 880 1014 0 1 262 1014 0 1 262 505 784 476 262 30 0 5 349 542 880 477 349 30 0 1 330 505 698 509 0 1 294 1014 0 1 262 505 523 476 262 30 0 5 233 542 698 507 0 1 233 505 659 510 262 510 659 474 262 30 0 1 262 505 740 511 220 542 294 508 370 505 294 510 247 510 294 505 370 505 294 511 220 542 294 508 370 505 294 510 247 510 294 165 740 340 370 340 587 165 294 511 220 542 294 508 370 505 294 510 247 510 294 505 370 505 294 511 220 542 294 508 370 505 294 510 247 510 294 505 370 505 294 511 220 542 294 508 370 505 294 510 247 510 294 505 370 505 294 511 220 542 294 508 370 505 294 510 247 510 294 505 370 505 294 511 220 542 294 508 370 505 294 510 247 510 294 505 370 505 294 511 220 542 294 508 370 505 294 510 247 510 294 505 370 505 294 511 247 542 330 508 392 505 330 510 247 510 330 505 392 505 330 511 220 542 330 508 392 505 330 510 220 510 330 505 392 505 330 511 220 542 294 508 370 505 294 510 247 510 294 505 370 505 294 511 220 542 294 508 370 505 294 510 247 510 294 505 370 505 294 511 220 542 294 508 370 505 294 510 247 510 294 505 370 505 294 511 220 542 294 508 370 505 294 510 247 510 294 505 370 505 294 511 220 542 294 508 370 505 294 510 247 510 294 505 370 505 294 511 220 542 294 508 370 505 294 510 247 510 294 505 370 505 294 511 247 542 330 508 392 505 330 510 247 510 330 505 392 505 330 511 220 542 330 508 392 505 330 510 220 510 330 505 392 505 330 511 233 542 659 477 233 30 0 1 233 505 523 479 233 30 0 1 233 509 0 1 233 504 0 1 233 504 0 1 233 506 175 5 175 26 131 1024 698 505 175 509 0 1 262 510 587 504 262 1 587 474 262 30 0 1 262 506 0 5 233 542 523 507 233 1 523 505 233 509 0 1 175 1015 440 474 175 30 0 1 175 506 0 5 175 1050 698 505 175 509 0 1 262 510 698 474 262 31 659 474 262 30 0 1 262 506 0 5 233 542 659 477 233 31 698 505 233 509 0 1 175 1015 784 474 175 30 0 1 175 506 0 5 233 542 932 477 233 31 880 504 233 1 880 479 233 30 0 1 262 1014 0 1 262 505 784 476 262 30 0 5 349 542 880 477 349 30 0 1 330 505 784 479 330 30 0 1 294 1014 0 1 262 505 523 476 262 30 0 5 233 542 698 507 0 1 233 505 659 510 262 510 659 474 262 30 0 1 262 505 740 511 220 542 294 508 370 505 294 510 247 510 294 505 370 505 294 511 220 542 294 508 370 505 294 510 247 510 294 505 370 505 294 511 220 542 294 508 370 505 294 510 247 510 294 505 370 505 294 511 220 542 294 508 370 505 294 510 247 510 294 505 370 505 294 511 220 542 294 508 370 505 294 510 247 510 294 505 370 505 294 511 220 542 294 508 370 505 294 510 247 510 294 505 370 505 294 511 220 542 294 508 370 505 294 510 247 510 294 505 370 505 294 511 220 542 294 508 370 505 294 510 247 510 294 505 370 505 294 511 220 542 294 508 370 505 294 510 247 510 294 505 370 505 294 511 220 542 294 508 370 505 294 510 247 510 294 505 370 505 294 511 220 542 294 508 370 505 294 510 247 510 294 505 370 505 294 511 220 542 294 508 370 505 294 510 247 510 784 474 185 31 740 504 185 1 740 1560
}
menuentry "Never Gonna give you up [Semi-OC]"{
	 echo "Never Gonna give you up"
	   play 76800 0 3648 494 16 0 80 466 16 0 176 440 16 0 80 415 16 0 80 392 16 0 80 370 16 0 80 349 16 0 80 330 16 0 80 311 16 0 80 554 192 39 88 554 8 39 88 554 8 78 4 554 92 65 88 0 8 622 96 92 4 622 92 52 88 622 104 52 88 622 56 262 48 415 192 44 88 415 8 52 88 0 8 622 192 44 88 622 8 44 88 622 8 78 4 622 92 65 88 0 8 698 192 65 4 698 188 58 88 698 8 58 88 233 8 831 88 233 8 740 88 233 8 698 88 233 8 554 96 349 192 39 88 349 8 39 88 349 8 78 4 349 92 65 88 0 8 622 96 92 4 622 92 52 88 622 104 52 88 622 56 262 48 415 192 52 88 415 8 52 88 415 8 311 192 44 88 311 8 44 88 311 8 78 4 311 92 65 88 415 8 349 192 65 4 349 188 52 88 349 104 831 88 349 8 740 88 349 8 698 88 349 8 554 64 69 24 0 8 415 192 39 88 415 8 39 88 415 8 78 4 415 92 65 88 415 8 622 96 92 4 622 92 52 88 622 104 52 88 622 56 262 48 415 80 262 16 370 88 262 8 349 88 262 8 311 88 0 8 349 192 44 88 349 8 44 88 349 8 78 4 349 92 65 88 349 8 698 192 65 4 698 188 58 88 698 8 58 88 233 8 831 88 233 8 740 88 233 8 698 88 233 8 554 96 349 192 39 88 349 8 39 88 349 8 78 4 554 92 65 88 0 8 622 96 92 4 622 92 52 88 622 104 52 88 622 56 311 48 415 192 52 88 415 8 52 88 415 8 44 88 415 104 349 96 44 88 415 8 349 96 65 88 349 8 58 88 349 104 78 4 349 92 78 4 349 92 1109 64 52 24 349 8 1109 64 349 32 1109 64 52 24 349 8 1109 64 52 24 349 8 98 4 349 92 1109 64 69 24 0 8 185 192 277 88 185 8 58 88 185 8 277 96 69 88 185 8 233 96 92 4 233 76 185 16 277 176 52 16 311 192 78 4 311 68 185 120 44 88 0 8 52 88 0 8 208 192 262 96 58 88 208 8 233 96 69 88 208 8 262 192 65 4 262 68 208 24 233 88 208 8 208 192 78 4 208 68 311 120 44 88 0 8 52 88 0 8 277 192 233 88 277 8 58 88 277 8 233 96 69 88 277 8 262 96 92 4 262 76 277 16 277 176 52 16 233 176 185 16 78 4 185 188 208 96 58 88 0 8 415 192 39 88 233 8 39 88 233 8 415 96 39 88 0 8 311 192 65 4 311 188 52 88 311 8 52 88 262 8 52 88 262 104 44 88 0 8 52 88 0 8 277 192 233 88 277 8 58 88 277 8 233 96 69 88 277 8 262 96 92 4 262 76 277 16 277 176 52 16 233 176 349 16 277 176 349 16 311 96 52 88 0 8 262 192 262 96 58 88 311 8 233 96 69 88 311 8 262 192 65 4 262 68 311 24 233 88 311 8 208 192 78 4 208 68 311 120 44 88 0 8 52 88 0 8 831 192 233 88 831 8 58 88 831 8 233 96 69 88 831 8 262 96 92 4 262 76 831 16 277 176 52 16 233 176 831 16 208 176 831 16 58 88 831 8 58 88 831 8 311 88 277 104 311 88 698 8 39 88 698 8 311 96 39 88 0 8 349 176 622 16 311 96 110 4 311 92 554 96 52 88 554 8 52 88 311 104 466 96 52 88 466 8 277 192 58 88 277 8 58 88 277 8 78 4 277 92 69 88 277 8 65 88 277 8 92 4 277 92 52 192 311 176 370 16 349 176 370 16 277 96 52 88 0 8 311 88 262 104 311 88 262 8 58 88 262 8 311 96 69 88 262 8 349 176 262 16 311 176 262 16 208 176 262 16 208 192 44 88 208 8 52 88 0 8 370 192 58 88 370 8 58 88 370 8 78 4 370 92 69 88 370 8 65 88 370 8 92 4 370 92 233 176 370 16 262 176 370 16 277 176 370 16 233 96 52 88 0 8 370 192 311 96 370 96 349 96 69 88 0 8 311 96 110 4 311 92 78 4 311 92 78 4 311 92 208 64 523 32 831 64 523 32 208 88 523 8 233 88 523 8 277 88 523 8 233 88 0 8 349 192 39 88 1109 8 39 88 1109 8 349 96 65 88 0 8 311 96 92 4 311 84 1245 8 52 88 1245 104 52 88 1245 56 208 48 208 88 831 8 233 88 831 8 277 88 831 8 233 88 0 8 311 192 44 88 1245 8 44 88 1245 8 311 96 65 88 0 8 277 184 1397 8 65 4 1397 92 262 88 1397 8 233 96 58 88 0 8 208 88 0 8 233 88 0 8 277 88 0 8 233 88 1109 8 277 192 39 88 277 8 39 88 349 8 311 96 65 88 0 8 262 96 92 4 262 92 52 88 1245 8 233 88 1245 8 208 176 311 16 208 176 831 16 311 96 52 88 311 8 523 192 44 88 208 8 44 88 208 8 277 96 65 88 277 8 233 192 65 4 233 188 208 64 52 24 233 8 208 64 233 32 208 88 233 8 233 88 0 8 277 88 0 8 233 88 1109 8 349 192 39 88 277 8 39 88 277 8 349 96 65 88 0 8 311 96 92 4 311 92 52 88 311 104 52 88 311 72 523 24 262 8 208 88 831 8 233 88 831 8 277 88 831 8 233 88 0 8 415 192 44 88 1245 8 44 88 1245 8 262 96 65 88 0 8 277 192 65 4 277 68 554 16 1397 8 262 88 1397 8 233 96 58 88 0 8 208 88 0 8 233 88 0 8 277 88 0 8 233 88 1109 8 277 192 39 88 277 8 39 88 349 8 311 96 65 88 0 8 262 96 92 4 262 92 52 88 1245 8 233 88 1245 8 208 192 831 192 208 96 52 88 831 8 311 96 523 96 44 88 831 8 44 88 831 8 277 96 65 88 277 8 58 88 277 104 78 4 277 92 78 4 277 92 1109 64 52 24 277 8 1109 64 277 32 1109 64 52 24 233 8 1109 64 52 24 233 8 98 4 233 92 1109 64 69 24 0 8 185 192 58 88 185 8 58 88 185 8 233 96 69 88 185 8 262 96 92 4 262 76 185 16 277 88 52 104 277 176 185 16 311 176 185 16 262 96 52 88 262 8 208 96 233 88 208 8 208 96 58 88 208 8 78 4 208 92 69 88 208 8 65 88 208 104 65 4 208 188 117 4 208 188 78 4 208 188 44 88 0 8 52 88 0 8 277 192 233 88 277 8 58 88 277 8 233 96 69 88 277 8 262 96 92 4 262 76 277 16 277 176 52 16 233 176 185 16 78 4 185 188 208 96 58 88 0 8 415 192 39 88 233 8 39 88 233 8 415 96 39 88 0 8 311 192 65 4 311 156 262 32 349 96 52 88 262 8 311 176 262 16 277 96 52 88 0 8 277 192 233 88 277 8 58 88 277 8 233 96 69 88 277 8 262 96 92 4 262 76 277 16 277 176 52 16 233 176 349 16 277 176 349 16 311 96 52 88 0 8 262 192 262 96 58 88 311 8 233 96 69 88 311 8 262 192 65 4 262 92 233 88 311 8 208 192 78 4 208 188 44 88 0 8 52 88 0 8 831 192 233 88 831 8 58 88 831 8 233 96 69 88 831 8 262 96 92 4 262 76 831 16 277 176 52 16 233 176 831 16 208 176 831 16 58 88 831 8 58 88 831 8 311 176 277 16 311 88 698 8 39 88 698 8 311 96 39 88 0 8 349 176 622 16 311 96 110 4 311 92 554 96 52 88 554 8 52 88 311 104 466 96 52 88 466 8 277 192 58 88 277 8 58 88 277 8 78 4 277 92 69 88 277 8 65 88 277 8 92 4 277 92 52 192 311 176 370 16 349 176 370 16 277 96 52 88 0 8 311 88 262 104 311 88 262 8 58 88 262 8 311 96 69 88 262 8 349 176 262 16 311 176 262 16 208 176 262 16 208 192 44 88 208 8 52 88 0 8 370 192 58 88 370 8 58 88 370 8 78 4 370 92 69 88 370 8 65 88 370 8 92 4 370 92 233 176 370 16 262 176 370 16 277 176 370 16 233 96 52 88 0 8 370 192 311 96 370 96 349 96 69 88 0 8 311 96 110 4 311 92 78 4 311 92 78 4 311 92 208 64 523 32 831 64 523 32 208 88 523 8 233 88 523 8 277 88 523 8 233 88 0 8 349 192 39 88 1109 8 39 88 1109 8 349 96 65 88 0 8 311 96 92 4 311 84 1245 8 52 88 1245 104 52 88 1245 56 208 48 208 88 831 8 233 88 831 8 277 88 831 8 233 88 0 8 311 192 44 88 1245 8 44 88 1245 8 311 96 65 88 0 8 277 184 1397 8 65 4 1397 92 262 88 1397 8 233 96 58 88 0 8 208 88 0 8 233 88 0 8 277 88 0 8 233 88 1109 8 277 192 39 88 277 8 39 88 233 8 311 96 65 88 0 8 262 96 92 4 262 92 52 88 1245 8 233 88 1245 8 208 176 311 16 208 176 831 16 311 96 52 88 831 8 523 192 44 88 175 8 44 88 175 8 277 96 65 88 277 8 233 192 65 4 233 188 208 64 52 24 233 8 208 64 233 32 208 88 233 8 233 88 0 8 277 88 0 8 233 88 1109 8 349 192 39 88 233 8 39 88 233 8 349 96 65 88 0 8 311 96 92 4 311 92 52 88 311 104 52 88 311 72 523 24 262 8 208 88 831 8 233 88 831 8 277 88 831 8 233 88 0 8 415 192 44 88 1245 8 44 88 1245 8 262 96 65 88 0 8 277 192 65 4 277 68 554 16 1397 8 262 88 1397 8 233 96 58 88 0 8 208 88 0 8 233 88 0 8 277 88 0 8 233 88 1109 8 277 192 39 88 277 8 39 88 233 8 311 96 65 88 0 8 262 96 92 4 262 92 52 88 1245 8 233 88 1245 8 208 192 831 192 208 96 52 88 831 8 311 192 44 88 831 8 44 88 831 8 277 96 65 88 277 8 58 88 277 104 110 4 277 92 110 4 277 92 1109 64 52 24 277 8 1109 64 277 32 208 88 233 8 233 88 0 8 277 88 0 8 233 88 0 8 349 192 39 88 1109 8 39 88 1109 8 349 96 65 88 0 8 311 96 92 4 311 84 1245 8 52 88 1245 104 52 88 1245 56 208 48 208 88 831 8 233 88 831 8 277 88 831 8 233 88 0 8 311 192 44 88 1245 8 44 88 1245 8 311 96 65 88 0 8 277 184 1397 8 65 4 1397 92 262 88 1397 8 233 96 58 88 0 8 208 88 0 8 233 88 0 8 277 88 0 8 233 88 1109 8 277 192 39 88 277 8 39 88 233 8 311 96 65 88 0 8 262 96 92 4 262 92 52 88 1245 8 233 88 1245 8 208 88 1245 56 311 48 208 176 831 16 311 96 52 88 831 8 523 192 44 88 208 8 44 88 208 8 277 96 65 88 277 8 233 192 65 4 233 188 208 64 52 24 233 8 208 64 233 32 208 88 233 8 233 88 0 8 277 88 0 8 233 88 1109 8 349 192 39 88 233 8 39 88 233 8 349 96 65 88 0 8 311 96 92 4 311 92 52 88 311 104 52 88 311 72 523 24 208 8 208 88 831 8 233 88 831 8 277 88 831 8 233 88 0 8 415 192 44 88 1245 8 44 88 1245 8 262 96 65 88 0 8 277 192 65 4 277 68 554 16 1397 8 262 88 1397 8 233 96 58 88 0 8 208 88 0 8 233 88 0 8 277 88 0 8 233 88 1109 8 277 192 39 88 277 8 39 88 233 8 311 96 65 88 0 8 262 96 92 4 262 92 52 88 1245 8 233 88 1245 8 208 192 831 192 208 96 52 88 831 8 311 176 523 16 277 88 831 8 44 88 831 8 277 96 65 88 277 8 58 88 277 104 78 4 277 92 78 4 277 92 1109 64 52 24 277 8 1109 64 277 32 1109 64 52 24 233 8 1109 64 52 24 233 8 110 4 233 92 1109 64 69 24 233 8 415 192 69 88 415 8 233 48 78 40 415 8 78 4 415 92 92 88 415 8 277 48 87 40 415 8 92 4 415 92 349 96 87 40 349 32 69 24 87 40 78 48 415 8 349 48 415 48 104 40 415 48 0 8 370 88 0 8 349 48 44 40 0 8 311 88 0 8 554 192 349 48 52 40 0 8 554 96 349 96 69 88 0 8 311 48 415 144 65 4 415 76 0 16 117 40 0 56 117 4 0 92 117 40 0 56 139 40 0 56 156 40 0 56 58 88 0 8 156 40 69 48 0 8 415 192 69 88 415 8 233 48 78 40 415 8 78 4 415 92 92 88 415 8 277 48 87 40 415 8 92 4 415 92 349 96 87 40 349 32 69 24 87 40 78 48 415 8 349 48 415 48 104 40 415 48 0 8 370 88 0 8 349 48 44 40 0 8 311 88 0 8 554 192 349 48 52 40 0 8 554 96 349 96 69 88 0 8 311 48 415 144 65 4 415 76 0 16 117 40 0 56 117 4 0 92 117 40 0 56 139 40 0 56 156 40 0 56 58 88 0 8 156 40 69 48 0 8 415 192 208 88 415 8 233 48 78 40 415 8 277 88 415 8 233 88 415 8 349 48 87 40 415 8 92 4 415 92 208 88 349 8 233 72 69 24 277 88 415 8 233 48 415 48 349 96 370 88 0 8 349 48 44 40 0 8 311 88 0 8 554 192 349 48 52 40 0 8 554 96 349 96 69 88 0 8 311 48 415 144 65 4 415 76 0 16 117 40 0 56 117 4 0 92 117 40 0 56 139 40 0 56 156 40 0 56 58 88 0 8 156 40 69 48 0 8 415 192 208 88 415 8 233 48 78 40 415 8 277 88 415 8 233 88 415 8 349 48 87 40 415 8 92 4 415 92 208 88 349 8 233 72 69 24 277 88 415 8 233 48 415 48 349 96 370 88 0 8 349 48 44 40 0 8 311 88 0 8 554 96 110 4 554 92 349 48 52 40 0 8 554 96 349 96 69 88 0 8 311 48 415 144 78 4 415 76 0 16 117 40 0 56 117 4 0 92 117 40 0 56 139 40 0 56 156 40 0 56 58 88 0 8 69 88 0 8 65 4 0 188 277 176 0 16 277 176 0 16 233 96 92 4 233 76 0 16 277 176 0 16 311 192 78 4 311 156 0 32 117 4 0 188 65 4 0 188 262 176 0 16 233 176 0 16 262 192 65 4 262 68 0 24 233 88 0 8 208 192 78 4 208 188 117 4 208 60 0 128 65 4 0 188 233 88 0 104 233 176 0 16 262 96 92 4 262 76 0 16 277 176 0 16 233 176 0 16 208 192 117 4 208 156 0 32 277 192 415 88 277 104 415 176 0 16 311 192 65 4 311 156 208 32 349 176 208 16 311 176 208 16 277 176 208 16 65 4 0 188 277 176 0 16 277 176 0 16 233 96 92 4 233 76 0 16 277 176 0 16 233 176 0 16 277 176 0 16 311 176 0 16 65 4 0 188 262 176 0 16 233 176 0 16 262 192 65 4 262 68 0 24 233 88 0 8 208 192 78 4 208 188 117 4 208 60 0 128 65 4 0 188 233 176 0 16 233 176 0 16 262 96 92 4 262 76 0 16 277 176 0 16 233 176 0 16 208 192 117 4 208 156 0 32 277 192 311 176 277 16 349 96 0 96 349 192 110 4 349 92 110 4 349 60 311 32 311 96 98 4 311 92 78 4 311 92 110 4 311 60 262 32 98 4 262 92 98 4 0 92 277 192 58 88 277 8 58 88 277 8 78 4 277 92 69 88 277 8 65 88 277 8 92 4 277 92 52 192 311 176 932 16 349 176 932 16 277 96 52 88 0 8 311 176 1245 16 311 96 58 88 1245 8 311 96 69 88 1245 8 349 176 262 16 311 176 1397 16 208 176 1397 16 208 192 44 88 208 8 52 88 208 8 932 192 58 88 932 8 58 88 932 8 78 4 932 92 69 88 932 8 65 88 932 8 92 4 932 92 233 176 932 16 262 176 932 16 277 176 932 16 233 96 52 88 0 8 370 96 0 96 311 96 370 96 349 96 69 88 0 8 311 192 78 4 311 92 78 4 311 92 831 64 311 32 208 64 523 32 208 88 523 8 233 88 523 8 277 88 523 8 233 88 0 8 349 192 39 88 1109 8 39 88 1109 8 349 96 65 88 0 8 311 96 92 4 311 84 1245 8 52 88 1245 104 52 88 1245 56 208 48 208 88 831 8 233 88 831 8 277 88 831 8 233 88 0 8 311 192 44 88 1245 8 44 88 1245 8 311 96 65 88 0 8 277 184 1397 8 65 4 1397 92 262 88 1397 8 233 96 58 88 0 8 208 88 0 8 233 88 0 8 277 88 0 8 233 88 1109 8 277 192 39 88 277 8 39 88 349 8 311 96 65 88 0 8 262 96 92 4 262 92 52 88 1245 8 233 88 1245 8 208 176 311 16 208 176 831 16 311 96 52 88 311 8 523 192 44 88 208 8 44 88 208 8 277 96 65 88 277 8 233 192 65 4 233 188 208 64 52 24 233 8 208 64 233 32 208 88 233 8 233 88 0 8 277 88 0 8 233 88 1109 8 349 192 39 88 277 8 39 88 277 8 349 96 65 88 0 8 311 96 92 4 311 92 52 88 311 104 52 88 311 72 523 24 262 8 208 88 831 8 233 88 831 8 277 88 831 8 233 88 0 8 415 192 44 88 1245 8 44 88 1245 8 262 96 65 88 0 8 277 192 65 4 277 68 554 16 1397 8 262 88 1397 8 233 96 58 88 0 8 208 88 0 8 233 88 0 8 277 88 0 8 233 88 1109 8 277 192 39 88 277 8 39 88 349 8 311 96 65 88 0 8 262 96 92 4 262 92 52 88 1245 8 233 88 1245 8 208 192 831 192 208 96 52 88 831 8 311 96 523 96 44 88 831 8 44 88 831 8 277 96 65 88 277 8 58 88 277 104 110 4 277 92 110 4 277 92 1109 64 52 24 277 8 1109 64 277 32 208 88 233 8 233 88 0 8 277 88 0 8 233 88 0 8 349 192 39 88 1109 8 39 88 1109 8 349 96 65 88 0 8 311 96 92 4 311 84 1245 8 52 88 1245 104 52 88 1245 56 208 48 208 88 831 8 233 88 831 8 277 88 831 8 233 88 0 8 311 192 44 88 1245 8 44 88 1245 8 311 96 65 88 0 8 277 184 1397 8 65 4 1397 92 262 88 1397 8 233 96 58 88 0 8 208 88 0 8 233 88 0 8 277 88 0 8 233 88 1109 8 277 192 39 88 277 8 39 88 233 8 311 96 65 88 0 8 262 96 92 4 262 92 52 88 1245 8 233 88 1245 8 208 88 1245 56 311 48 208 176 831 16 311 96 52 88 831 8 523 192 44 88 208 8 44 88 208 8 277 96 65 88 277 8 233 192 65 4 233 188 208 64 52 24 233 8 208 64 233 32 208 88 233 8 233 88 0 8 277 88 0 8 233 88 1109 8 349 192 39 88 233 8 39 88 233 8 349 96 65 88 0 8 311 96 92 4 311 92 52 88 311 104 52 88 311 72 523 24 208 8 208 88 831 8 233 88 831 8 277 88 831 8 233 88 0 8 415 192 44 88 1245 8 44 88 1245 8 262 96 65 88 0 8 277 192 65 4 277 68 554 16 1397 8 262 88 1397 8 233 96 58 88 0 8 208 88 0 8 233 88 0 8 277 88 0 8 233 88 1109 8 277 192 39 88 277 8 39 88 233 8 311 96 65 88 0 8 262 96 92 4 262 92 52 88 1245 8 233 88 1245 8 208 192 831 192 208 96 52 88 831 8 311 176 523 16 277 88 831 8 44 88 831 8 277 96 65 88 277 8 58 88 277 104 78 4 277 92 78 4 277 92 1109 64 52 24 277 8 1109 64 277 32 208 88 233 8 233 88 0 8 277 88 0 8 233 88 0 8 349 192 39 88 1109 8 39 88 1109 8 349 96 65 88 0 8 311 96 92 4 311 84 1245 8 52 88 1245 104 52 88 1245 56 208 48 208 88 831 8 233 88 831 8 277 88 831 8 233 88 0 8 311 192 44 88 1245 8 44 88 1245 8 311 96 65 88 0 8 277 184 1397 8 65 4 1397 92 262 88 1397 8 233 96 58 88 0 8 208 88 0 8 233 88 0 8 277 88 0 8 233 88 1109 8 277 192 39 88 277 8 39 88 233 8 311 96 65 88 0 8 262 96 92 4 262 92 52 88 1245 8 233 88 1245 8 208 88 1245 56 311 48 208 176 831 16 311 96 52 88 831 8 523 192 44 88 208 8 44 88 208 8 277 96 65 88 277 8 233 192 65 4 233 188 208 64 52 24 233 8 208 64 233 32 208 88 233 8 233 88 0 8 277 88 0 8 233 88 1109 8 349 192 39 88 233 8 39 88 233 8 349 96 65 88 0 8 311 96 92 4 311 92 52 88 311 104 52 88 311 72 523 24 262 8 208 88 831 8 233 88 831 8 277 88 831 8 233 88 0 8 415 192 44 88 1245 8 44 88 1245 8 262 96 65 88 0 8 277 192 65 4 277 68 554 16 1397 8 262 88 1397 8 233 96 58 88 0 8 208 88 0 8 233 88 0 8 277 88 0 8 233 88 1109 8 277 192 39 88 277 8 39 88 233 8 311 96 65 88 0 8 262 96 92 4 262 92 52 88 1245 8 233 88 1245 8 208 192 831 192 208 96 52 88 831 8 311 96 523 96 277 88 831 8 44 88 831 8 277 96 65 88 277 8 58 88 277 104 110 4 277 92 110 4 277 92 52 88 277 8 98 4 277 92 415 96 466 96 554 96 466 96 1397 192 39 88 466 8 1397 96 73 4 1397 76 0 112 1245 528 0 48 1661 96 110 4 1661 92 98 4 1661 92 98 4 1661 60 0 32 1661 32 35 1248 1661 188 523 68
}
menuentry "Fleetwood Mac: The Chain Bass Riff Extended Version (WARNING, 25 SECONDS)"{
	echo "Fleetwood Mac: The Chain Bass Riff Extended Version (WARNING, 25 SECONDS)"
	   play 9120 55 150 0 30 55 30 62 30 65 60 62 30 55 30 49 30 55 30 62 60 41 360 0 120 55 150 0 30 55 30 62 30 65 60 62 30 55 30 49 30 55 30 62 60 41 360 0 60 41 12 42 3 43 3 44 3 45 3 46 6 47 3 48 3 49 6 50 3 51 3 52 6 53 3 54 3 55 150 0 30 55 30 62 30 65 60 62 30 55 30 49 30 55 30 62 60 41 240 82 20 0 10 82 26 0 4 82 26 0 4 82 26 0 4 82 56 0 4 82 60 55 150 0 30 55 30 62 30 65 60 62 30 55 30 49 30 55 30 62 60 41 360 0 120
}
menuentry "Battle Tendency OST : Propaganda [Semi-OC]"{
	echo "Battle Tendency OST:Propaganda"
	play 11520 110 32 262 96 262 128 110 32 262 64 110 32 87 32 262 32 156 32 262 32 110 32 262 96 262 128 110 32 262 32 110 32 262 64 262 96 110 32 262 96 262 128 110 32 262 64 110 32 87 32 262 32 156 32 262 32 110 32 262 96 262 128 110 32 262 32 156 16 110 16 156 16 262 16 156 16 262 16 156 16 262 16 156 16 262 16 156 16 262 16 139 32 33 32 33 32 82 32 39 32 33 32 82 32 39 32 104 32 33 32 104 32 39 32 82 32 39 32 44 32 44 32 65 32 33 32 33 32 82 32 39 32 33 32 82 32 39 32 104 32 33 32 104 32 39 32 82 32 39 32 104 32 44 32 139 32 33 32 33 32 82 32 39 32 33 32 82 32 39 32 104 32 33 32 104 32 39 32 82 32 39 32 44 32 44 16 415 16 65 32 33 32 33 32 82 32 39 32 33 32 82 32 39 32 104 32 33 32 104 32 39 32 82 32 39 32 104 32 44 32 139 32 92 32 92 32 82 32 92 32 92 32 82 32 92 32 92 32 92 32 92 32 92 32 82 32 92 32 92 32 92 32 92 32 92 32 92 32 82 32 92 32 92 32 82 32 92 32 156 32 92 32 104 32 92 32 156 32 92 32 104 16 92 16 104 16 92 16 92 32 92 32 92 32 82 32 92 32 92 32 82 32 92 32 92 32 92 32 92 32 92 32 82 32 92 32 92 32 92 32 92 32 92 32 92 32 82 32 92 32 92 32 82 32 92 32 92 32 92 32 104 32 92 32 82 32 92 32 104 16 92 16 104 16 92 16 139 32 33 32 33 32 82 32 131 32 33 32 82 32 39 32 104 32 33 32 104 32 39 32 82 32 39 32 44 32 44 32 65 32 33 32 33 16 831 16 82 16 698 16 39 32 33 32 82 32 39 32 104 32 33 32 104 32 39 32 82 32 39 32 104 32 44 32 139 32 92 32 92 32 82 32 92 32 92 32 82 32 92 32 92 32 92 32 92 32 92 32 82 32 92 32 92 32 92 32 92 32 92 32 92 32 82 32 92 32 92 32 82 32 92 32 156 32 92 32 104 32 92 32 156 32 92 32 104 16 92 16 104 16 92 16 139 32 92 32 92 32 82 32 92 32 92 32 82 32 92 32 92 32 92 32 92 32 92 32 82 32 92 32 92 32 92 32 92 32 92 32 92 32 82 32 92 32 92 32 82 32 92 32 92 32 92 32 104 32 92 32 82 32 92 32 104 16 92 16 104 16 92 16 92 32 92 32 92 32 82 32 92 32 92 32 82 32 92 32 92 32 92 32 92 32 92 32 82 32 92 32 92 32 92 32 92 32 92 32 92 32 82 32 92 32 92 32 82 32 92 32 92 32 92 32 104 32 92 32 82 32 92 32 104 16 92 16 104 16 92 16 139 32 33 32 33 32 82 32 39 32 33 32 82 32 39 32 104 32 33 32 104 32 39 32 82 32 39 32 44 32 44 32 65 32 33 32 33 32 82 32 39 32 33 32 82 32 39 32 104 32 33 32 104 32 39 32 82 32 39 32 104 32 44 32 139 32 92 32 92 32 82 32 92 32 92 32 82 32 92 32 92 32 92 32 92 32 92 32 82 32 92 32 92 32 92 32 92 32 92 32 92 32 82 32 92 32 92 32 82 32 92 32 156 32 92 32 104 32 92 32 156 32 92 32 104 16 92 16 104 16 92 16 92 32 92 32 92 32 82 32 92 32 92 32 82 32 92 32 92 32 92 32 92 32 92 32 82 32 92 32 92 32 92 32 92 32 92 32 92 32 82 32 92 32 92 32 82 32 92 32 92 32 92 32 104 32 92 32 82 32 92 32 104 16 92 16 104 16 92 16 139 32 92 32 92 32 82 32 92 32 92 32 82 32 92 32 92 32 92 32 92 32 92 32 82 32 92 32 92 32 92 32 92 32 92 32 92 32 82 32 92 32 92 32 82 32 92 32 92 32 92 32 104 32 92 32 82 32 92 32 104 16 92 16 104 16 92 16 139 32 33 32 33 32 82 32 131 32 33 32 82 32 39 32 104 32 33 32 104 32 39 32 82 32 39 32 44 32 44 32 65 32 33 32 33 16 831 16 82 16 698 16 39 32 33 32 82 32 39 32 104 32 33 32 104 32 39 32 82 32 39 32 104 32 44 32 139 32 92 32 92 32 82 32 92 32 92 32 82 32 92 32 92 32 92 32 92 32 92 32 82 32 92 32 92 32 92 32 92 32 92 32 92 32 82 32 92 32 92 32 82 32 92 32 92 32 92 32 104 32 92 32 82 32 92 32 104 16 92 16 104 16 92 16 92 32 92 32 92 32 82 32 92 32 92 32 82 32 92 32 92 32 92 32 92 32 92 32 82 32 92 32 92 32 92 32 92 32 92 32 92 32 82 32 92 32 92 32 82 32 92 32 92 32 92 32 92 32 92 32 82 32 92 32 92 32 92 32 92 32 92 32 92 32 82 32 92 32 92 32 82 32 92 32 92 32 92 32 92 32 92 32 82 32 92 32 92 32 92 32 33 32 33 32 33 32 39 32 39 32 33 32 39 32 39 32 33 32 33 32 33 32 39 32 39 32 39 32 44 32 44 32 33 32 33 32 33 32 39 32 39 32 33 32 39 32 39 32 156 16 33 16 156 16 33 16 156 16 33 16 156 16 39 16 39 32 39 32 44 32 44 32 139 32 92 32 92 32 82 32 92 32 92 32 82 32 92 32 92 32 92 32 92 32 92 32 82 32 92 32 92 32 92 32 92 32 92 32 92 32 82 32 92 32 92 32 82 32 92 32 156 32 92 32 104 32 92 32 156 32 92 32 104 16 92 16 104 16 92 16 92 32 92 32 92 32 82 32 92 32 92 32 82 32 92 32 92 32 92 32 92 32 92 32 82 32 92 32 92 32 92 32 92 32 92 32 92 32 82 32 92 32 92 32 82 32 92 32 92 32 92 32 104 32 92 32 82 32 92 32 104 16 92 16 104 16 92 16 139 32 92 32 92 32 82 32 92 32 92 32 82 32 92 32 92 32 92 32 92 32 92 32 82 32 92 32 92 32 92 32 92 32 92 32 92 32 82 32 92 32 92 32 82 32 92 32 92 32 92 32 104 32 92 32 82 32 92 32 104 16 92 16 104 16 92 16 92 32 92 32 92 32 82 32 92 32 92 32 82 32 92 32 156 32 92 32 104 32 92 32 156 32 92 32 104 16 92 16 104 16 92 16 139 32 92 32 92 32 82 32 92 32 92 32 82 32 92 32 92 32 92 32 92 32 92 32 82 32 92 32 92 32 92 32 139 32 92 32 92 32 82 32 92 32 92 32 82 32 92 32 92 32 92 32 104 32 92 32 82 32 92 32 104 16 92 16 104 16 92 16 92 32 92 32 92 32 82 32 92 32 92 32 82 32 92 32 92 32 92 32 92 32 92 32 82 32 92 32 92 32 92 32 92 32 92 32 92 32 82 32 92 32 92 32 82 32 92 32 92 32 92 32 92 32 92 32 82 32 92 32 92 32 92 16 415 16 92 32 92 32 92 32 82 32 92 32 92 32 82 32 92 32 92 32 92 32 92 32 92 32 82 32 92 32 92 32 92 32 62 32 262 96 262 128 0 128 73 32 262 32 262 64 262 128 262 128 73 32 33 96 73 32 131 96 262 128 262 128 0 128 73 32 262 32 147 64 156 64 175 64 156 64 147 64 73 32 131 96 73 32 147 32 117 64 131 128 62 32 131 96 131 128 73 32 131 96 131 128 87 32 131 96 73 32 131 96 73 32 33 96 139 32 92 32 92 32 82 32 92 32 92 32 82 32 92 32 92 32 92 32 92 32 92 32 82 32 92 32 92 32 92 32 92 32 92 32 92 32 82 32 92 32 92 32 82 32 92 32 156 32 92 32 104 32 92 32 156 32 92 32 104 16 92 16 104 16 92 16 92 32 92 32 92 32 82 32 92 32 92 32 82 32 92 32 92 32 92 32 92 32 92 32 82 32 92 32 92 32 92 32 92 32 92 32 92 32 82 32 92 32 92 32 82 32 92 32 92 32 92 32 92 32 92 32 82 32 92 32 92 32 92 32 92 32 92 32 92 32 82 32 92 32 92 32 82 32 92 32 92 32 92 32 104 32 92 32 82 32 92 32 104 16 92 16 104 16 92 16 139 32 92 32 92 32 82 32 92 32 92 32 82 32 92 32 92 32 92 32 92 32 92 32 82 32 92 32 92 32 92 32 92 32 92 32 92 32 82 32 92 32 92 32 82 32 92 32 156 32 92 32 104 32 92 32 156 32 92 32 104 16 92 16 104 16 92 16 139 32 92 32 92 32 82 32 92 32 92 32 82 32 92 32 92 32 92 32 92 32 92 32 82 32 92 32 92 32 92 32 92 32 92 32 92 32 82 32 92 32 92 32 82 32 92 32 92 32 92 32 92 32 92 32 82 32 92 32 92 32 92 32 92 32 92 32 92 32 82 32 92 32 92 32 82 32 92 32 92 32 92 32 92 32 92 32 82 32 92 32 92 32 92 32 139 32 92 32 92 32 82 32 92 32 92 32 82 32 92 32 156 32 92 32 104 32 92 32 156 32 92 32 104 16 92 16 104 16 92 16 87 32 262 96 87 32 262 96
}
menuentry "Ode to joy [Semi-OC]"{
	echo "Ode to joy"
	play 61440 0 1536 92 4 185 776 98 4 196 352 0 8 110 4 220 282 0 94 110 4 220 374 98 4 196 374 92 4 185 386 0 2 82 4 165 382 73 4 147 774 82 4 165 380 92 4 185 268 0 108 92 4 185 576 82 4 165 88 0 96 82 4 165 734 0 40 92 4 185 740 0 4 98 4 196 380 110 4 220 290 0 96 110 4 220 376 98 4 196 368 0 2 92 4 185 400 82 4 165 374 73 4 147 776 82 4 165 382 92 4 185 354 0 12 82 4 165 580 73 4 147 124 0 70 73 4 147 628 0 134 82 4 165 716 0 20 92 4 185 388 73 4 147 386 82 4 165 370 92 4 185 176 0 4 98 4 196 204 92 4 185 364 0 4 73 4 147 386 82 4 165 396 92 4 185 184 98 4 196 194 92 4 185 372 82 4 165 388 73 4 147 360 0 12 82 4 165 390 55 4 110 392 92 4 185 638 0 122 92 4 185 372 98 4 196 348 0 14 110 4 220 258 0 118 110 4 220 376 98 4 196 374 0 2 92 4 185 384 82 4 165 396 73 4 147 764 82 4 165 392 92 4 185 370 0 6 82 4 165 568 73 4 147 104 0 92 73 4 147 636 0 130 82 4 165 694 0 48 92 4 185 382 73 4 147 370 0 4 82 4 165 380 92 4 185 190 98 4 196 194 92 4 185 364 0 4 73 4 147 382 0 2 82 4 165 382 92 4 185 200 98 4 196 200 92 4 185 324 0 36 82 4 165 380 73 4 147 382 82 4 165 388 55 4 110 362 0 2 92 4 185 718 0 70 92 4 185 372 0 4 98 4 196 360 0 6 110 4 220 284 0 98 110 4 220 384 98 4 196 388 92 4 185 364 0 6 82 4 165 382 73 4 147 750 82 4 165 394 92 4 185 386 82 4 165 576 73 2 147 102 0 90 73 4 147 382 110 4 220 370 370 758 73 26 392 372 370 6 440 250 370 124 62 6 294 4 440 374 392 176 69 26 330 178 73 4 370 360 73 16 330 12 98 4 247 384 294 368 92 22 220 358 92 8 82 12 196 12 330 348 73 24 185 6 370 278 185 110 370 370 69 6 220 384 62 6 294 4 330 376 277 2 55 366 110 42 370 364 294 376 392 4 73 378 440 6 330 188 370 164 73 20 62 4 440 4 294 370 392 192 69 10 330 180 73 6 370 364 0 12 330 2 98 10 247 384 294 366 92 26 220 182 294 4 82 4 196 128 82 54 294 4 330 2 185 2 73 188 185 2 330 4 69 150 330 32 62 6 294 188 55 2 277 180 330 10 49 4 247 368 55 18 277 204 294 106 277 62 46 8 294 372 92 396 98 6 330 758 370 28 110 356 370 14 294 10 123 364 69 4 220 14 330 368 370 174 220 10 392 188 73 10 370 370 73 14 294 4 196 4 82 188 220 6 92 174 220 12 98 4 247 8 330 376 370 180 247 4 392 194 110 6 277 2 370 348 277 16 117 2 330 378 123 16 294 390 330 2 139 390 220 380 294 4 370 382 110 186 220 194 294 28 370 314 294 24 65 14 392 188 330 190 440 4 370 368 62 210 294 172 392 24 330 184 69 190 370 4 73 4 370 352 0 14 330 2 98 14 247 376 294 374 92 14 220 192 196 4 82 188 185 2 330 4 73 188 330 4 69 164 330 20 370 2 294 2 62 160 294 30 277 6 55 170 330 14 247 12 49 346 247 18 55 8 277 184 294 110 277 84 46 6 294 358 92 388 98 26 330 744 370 16 110 388 294 10 123 360 294 2 69 8 330 6 220 354 370 196 392 196 370 16 73 196 185 180 294 14 196 2 82 192 220 6 92 180 330 4 98 6 247 372 370 166 247 18 392 196 370 8 110 4 277 372 330 4 117 374 330 4 277 2 123 14 294 382 330 2 139 2 330 384 139 2 220 346 139 24 370 8 294 12 147 370 110 196 220 190 370 2 294 368 65 14 392 186 330 192 440 2 370 372 62 8 440 200 294 174 392 20 330 182 69 192 370 8 370 184 73 6 220 172 98 6 330 16 247 190 277 190 294 200 247 166 92 20 220 186 82 4 196 184 73 10 185 2 330 184 69 6 165 186 62 6 370 2 147 188 55 6 139 176 330 2 49 16 123 364 55 20 247 158 55 28 294 2 277 180 46 18 294 176 98 16 220 2 494 168 92 16 440 6 247 178 82 6 392 6 277 180 740 2 73 4 370 6 440 4 294 360 440 18 294 370 73 4 330 2 294 12 784 374 370 14 880 230 370 132 294 4 880 4 294 2 247 388 784 184 277 198 370 8 740 2 294 366 659 2 247 6 392 184 277 192 392 4 220 4 587 10 294 356 370 10 73 6 440 376 330 10 69 4 659 6 330 360 62 10 294 2 440 8 370 298 440 68 55 18 740 6 370 372 330 10 277 186 330 6 659 92 330 2 277 88 330 10 659 6 247 174 98 2 330 180 92 8 370 18 220 170 82 190 370 4 73 6 440 10 740 368 294 384 330 12 784 370 370 18 880 256 370 92 247 16 294 14 880 380 784 176 277 12 330 190 370 2 740 6 294 182 440 186 659 4 494 4 392 190 554 166 392 16 587 6 294 8 587 174 165 4 554 188 147 6 494 8 370 176 139 8 440 12 330 170 123 8 392 20 659 2 330 6 294 50 659 114 110 4 370 24 277 170 98 6 330 6 370 4 740 172 92 8 220 2 294 194 110 4 659 2 330 6 196 184 277 174 55 14 220 2 392 190 294 100 587 4 220 52 55 20 185 6 73 8 370 10 294 2 587 178 370 192 110 4 330 14 370 178 294 198 277 2 392 6 659 368 330 358 659 22 294 2 440 4 740 370 440 4 294 2 110 2 587 2 247 4 587 376 392 4 277 384 370 4 740 182 330 10 784 182 370 6 294 12 740 352 294 16 330 4 392 8 587 170 370 8 440 180 370 12 392 2 494 4 330 8 659 174 554 194 587 10 370 2 740 176 659 10 392 4 784 174 440 10 587 6 370 16 740 172 220 190 92 4 233 2 330 8 659 182 277 192 494 10 294 4 247 2 123 170 247 192 233 14 277 2 330 2 98 10 659 170 466 194 440 10 220 6 440 178 330 190 92 4 740 2 370 190 82 4 392 192 440 8 73 368 740 8 587 376 784 6 659 8 262 372 740 4 880 266 740 104 247 6 587 6 880 376 784 12 659 176 277 208 294 370 392 6 659 2 494 190 554 188 587 8 294 184 440 182 370 14 494 4 147 180 139 2 440 192 659 4 123 2 294 20 330 168 370 4 110 8 277 182 740 2 370 2 98 4 247 180 92 4 294 4 220 194 330 2 110 2 196 188 277 186 196 2 392 2 220 18 55 172 370 16 294 6 587 108 55 62 185 6 370 4 73 14 587 2 294 366 110 4 330 4 370 180 294 172 370 18 277 2 659 12 392 368 330 364 392 14 294 14 740 8 440 360 587 20 247 372 277 8 392 2 659 372 370 10 740 160 370 10 277 2 330 8 784 192 370 4 294 6 740 378 330 14 587 172 370 6 440 178 370 12 392 4 494 2 330 4 659 182 554 190 587 10 740 12 370 170 659 4 784 16 392 170 440 8 587 2 370 10 740 170 220 196 233 6 330 2 554 2 92 8 659 184 277 188 494 2 294 4 587 6 123 178 247 196 233 2 330 2 659 2 98 6 277 178 466 190 277 2 440 12 220 178 330 182 92 10 740 4 370 2 440 6 294 176 82 8 392 194 73 12 370 6 440 358 587 6 740 372 659 8 262 8 784 360 740 30 880 228 740 134 247 16 587 380 784 10 659 176 277 198 440 2 294 2 740 372 494 2 392 8 659 180 554 194 587 4 294 188 440 190 370 4 494 2 147 182 139 4 440 2 330 190 392 4 294 2 123 12 330 172 370 8 110 188 98 2 330 6 370 4 740 180 220 2 92 4 294 196 659 2 110 2 196 2 330 186 277 188 220 6 55 192 370 4 587 4 294 94 587 12 55 66 73 6 185 10 370 6 294 2 587 690 294 16 73 6
}
menuentry "Ode to joy [Solo piano]"{
	echo "Ode to joy"
	play 31744 185 256 185 256 196 256 220 256 220 256 196 256 185 256 165 256 147 256 147 256 165 256 185 256 185 256 0 128 165 128 165 256 0 256 185 256 185 256 196 256 220 256 220 256 196 256 185 256 165 256 147 256 147 256 165 256 185 256 165 256 0 128 147 128 147 256 0 256 165 256 165 256 185 256 147 256 165 256 185 128 196 121 440 7 185 256 147 256 165 128 277 128 185 128 196 121 330 7 185 256 165 256 147 256 165 256 110 256 185 512 185 256 196 256 220 256 220 256 196 256 185 256 165 256 147 256 147 256 165 256 185 256 165 384 147 128 147 256 0 256 165 256 165 256 185 256 147 256 165 256 185 128 196 121 440 7 185 256 147 256 165 128 277 128 185 128 196 121 330 7 185 256 165 256 147 256 165 256 110 256 185 512 185 256 196 256 220 256 220 256 196 256 185 256 165 256 147 256 147 256 165 256 185 256 165 384 147 128 147 256
}
}
### END /etc/grub.d/47_custom_proxy ###
