#!/bin/sh
exec tail -n +3 $0
menuentry "INIT_TUNE Demos" {
   echo "Close Encounters/5 Tone"
   play 480 900 2 1000 2 800 2 400 2 600 3
   echo "Fur Elise (note long)"
   play 480 420 1 400 1 420 1 400 1 420 1 315 1 370 1 335 1 282 3 180 1 215 1 282 1 315 3 213 1 262 1 315 1 335 3 213 1 420 1 400 1 420 1 400 1 420 1 315 1 370 1 335 1 282 3 180 1 215 1 282 1 315 3 213 1 330 1 315 1 282 3
   echo "Berlioz's extract from Sabbath Night of Symphonie Fantastique"
   play 312 262 3 247 3 262 3 220 3 247 3 196 3 220 3 220 3 262 3 262 3 294 3 262 3 247 3 220 3 196 3 247 3 262 3 247 5 220 1 220 5
   echo "Oldskool Batman tune"
   play 380 120 1 140 1 160 1 200 8 190 4
   echo "Legend of Zelda tune"
   play 12000 440 100 0 1 329 150 440 50 0 1 440 25 493 25 523 25 587 25 659 200
   echo "Super Mario"
   play 1000 334 1 334 1 0 1 334 1 0 1 261 1 334 1 0 1 392 2 0 4 196 2
   echo "Super Mario Alternate"
   play 480 165 2 165 2 165 3 554 1 587 1 554 2 370 1 554 1 523 2 349 1 523 1 494 3 165 2 165 2 165 2
   echo "Mario Mushroom"
   play 1750 523 1 392 1 523 1 659 1 784 1 1047 1 784 1 415 1 523 1 622 1 831 1 622 1 831 1 1046 1 1244 1 1661 1 1244 1 466 1 587 1 698 1 932 1 1175 1 1397 1 1865 1 1397 1
   echo "Star Wars Imperial Death March"
   play 480 440 4 440 4 440 4 349 3 523 1 440 4 349 3 523 1 440 8 659 4 659 4 659 4 698 3 523 1 415 4 349 3 523 1 440 8
   echo "My Little Pony"
   play 2400 587 18 554 4 587 8 659 12 587 16 0 10 587 4 659 4 740 8 587 4 784 12 740 8 659 8 587 4 740 20 587 40
   echo "Wolfenstein 3D"
   play 300 131 1 196 1 196 1 196 1 294 1 196 1 294 1 196 1 131 1
   echo "Mall (Nothing Special)"
   play 180 440 1 554 1 659 1
   echo "Final Countdown"
   play 480 554 1 494 1 554 4 370 6 10 3 587 1 554 1 587 2 554 2 494 6
   echo "Xie-Jelei's Tune"
   play 2000 400 4 0 1 500 4 0 1 600 4 0 1 800 6
   echo "Random tune"
   play 480 220 1 277 1 330 1 440 1 185 1 220 1 277 1 370 1 294 1 370 1 440 1 587 1 330 1 415 1 494 1 659 1
   echo "Fleetwood Mac: The Chain Bass Riff (about 5 seconds)"
   play 304 55 5 0 1 55 1 62 1 65 2 62 1 55 1 49 1 55 1 62 2 41 8
   echo "Portal Still alive"
   play 122880 0 2069 784 479 0 31 740 474 0 31 659 504 0 1 659 476 0 35 220 542 294 508 370 505 294 510 247 510 294 505 370 505 294 511 220 542 294 508 370 505 294 510 247 510 294 505 370 505 294 511 220 542 294 508 370 505 294 510 247 510 294 505 370 505 294 511 220 542 294 508 370 505 294 510 247 510 294 505 370 505 294 511 247 542 330 508 392 505 330 510 247 510 330 505 392 505 330 511 220 542 330 508 392 505 330 510 220 510 330 505 392 505 330 511 220 542 294 508 370 505 294 510 247 510 294 505 370 505 294 511 220 542 294 508 370 505 294 510 247 510 294 505 370 505 294 511 220 542 294 508 370 505 294 510 247 510 294 505 370 505 294 511 220 542 294 508 370 505 294 510 247 510 294 505 370 505 294 511 220 542 294 508 370 505 294 510 247 510 294 505 370 505 294 511 220 542 294 508 370 505 294 510 247 510 294 505 370 505 294 511 247 542 330 508 392 505 330 510 247 510 330 505 392 505 330 511 220 542 330 508 392 505 330 510 220 510 330 505 392 505 330 511 233 542 294 508 349 505 466 540 0 985 440 474 0 31 466 476 0 35 175 542 262 508 349 505 262 510 196 510 294 505 349 505 294 511 220 542 262 508 349 505 262 510 175 510 262 505 349 505 262 511 175 542 262 508 349 505 262 510 196 510 294 505 349 505 294 511 220 542 262 508 349 505 262 510 220 510 262 505 349 505 262 511 233 542 349 508 440 505 349 510 233 510 349 505 440 505 349 511 220 542 262 508 349 505 262 510 220 510 262 505 349 505 262 511 220 542 262 508 349 505 262 510 220 510 262 505 330 505 370 511 220 1050 740 505 220 509 587 1 185 510 587 505 740 505 185 506 587 5 220 542 587 508 740 505 220 509 587 1 185 510 587 505 740 505 185 506 587 5 220 542 587 508 740 505 220 509 587 1 185 510 587 505 740 505 185 506 587 5 220 542 587 508 740 505 220 509 440 1 185 510 740 505 659 504 0 1 185 506 659 5 220 542 294 508 370 505 294 510 247 510 294 505 370 505 294 511 220 542 294 508 370 505 294 510 247 510 294 505 370 505 294 511 220 542 294 508 370 505 294 510 247 510 294 505 370 505 294 511 220 542 294 508 370 505 294 510 247 510 294 505 370 505 294 511 247 542 330 508 392 505 330 510 247 510 330 505 392 505 330 511 220 542 330 508 392 505 330 510 220 510 330 505 392 505 330 511 220 542 294 508 370 505 294 510 247 510 294 505 370 505 294 511 220 542 294 508 370 505 294 510 247 510 294 505 370 505 294 511 220 542 294 508 370 505 294 510 247 510 294 505 370 505 294 511 220 542 294 508 370 505 294 510 247 510 294 505 370 505 294 511 220 542 294 508 370 505 294 510 247 510 294 505 370 505 294 511 220 542 294 508 370 505 294 510 247 510 294 505 370 505 294 511 247 542 330 508 392 505 330 510 247 510 330 505 392 505 330 511 220 542 330 508 392 505 330 510 220 510 330 505 392 505 330 511 233 542 659 477 233 30 0 1 233 505 523 479 233 30 0 1 233 509 0 1 233 504 0 1 233 504 0 1 233 506 175 5 175 26 131 1024 698 505 175 509 0 1 262 510 587 504 262 1 587 474 262 30 0 1 262 506 0 5 233 542 523 507 233 1 523 505 233 509 0 1 175 1015 440 474 175 30 0 1 175 506 0 5 175 1050 698 505 175 509 0 1 262 510 698 474 262 31 659 474 262 30 0 1 262 506 0 5 233 542 659 477 233 31 698 505 233 509 0 1 175 1015 784 474 175 30 0 1 175 506 0 5 233 542 932 477 233 31 880 1014 0 1 262 1014 0 1 262 505 784 476 262 30 0 5 349 542 880 477 349 30 0 1 330 505 698 509 0 1 294 1014 0 1 262 505 523 476 262 30 0 5 233 542 698 507 0 1 233 505 659 510 262 510 659 474 262 30 0 1 262 505 740 511 220 542 294 508 370 505 294 510 247 510 294 505 370 505 294 511 220 542 294 508 370 505 294 510 247 510 294 165 740 340 370 340 587 165 294 511 220 542 294 508 370 505 294 510 247 510 294 505 370 505 294 511 220 542 294 508 370 505 294 510 247 510 294 505 370 505 294 511 220 542 294 508 370 505 294 510 247 510 294 505 370 505 294 511 220 542 294 508 370 505 294 510 247 510 294 505 370 505 294 511 220 542 294 508 370 505 294 510 247 510 294 505 370 505 294 511 220 542 294 508 370 505 294 510 247 510 294 505 370 505 294 511 247 542 330 508 392 505 330 510 247 510 330 505 392 505 330 511 220 542 330 508 392 505 330 510 220 510 330 505 392 505 330 511 220 542 294 508 370 505 294 510 247 510 294 505 370 505 294 511 220 542 294 508 370 505 294 510 247 510 294 505 370 505 294 511 220 542 294 508 370 505 294 510 247 510 294 505 370 505 294 511 220 542 294 508 370 505 294 510 247 510 294 505 370 505 294 511 220 542 294 508 370 505 294 510 247 510 294 505 370 505 294 511 220 542 294 508 370 505 294 510 247 510 294 505 370 505 294 511 247 542 330 508 392 505 330 510 247 510 330 505 392 505 330 511 220 542 330 508 392 505 330 510 220 510 330 505 392 505 330 511 233 542 659 477 233 30 0 1 233 505 523 479 233 30 0 1 233 509 0 1 233 504 0 1 233 504 0 1 233 506 175 5 175 26 131 1024 698 505 175 509 0 1 262 510 587 504 262 1 587 474 262 30 0 1 262 506 0 5 233 542 523 507 233 1 523 505 233 509 0 1 175 1015 440 474 175 30 0 1 175 506 0 5 175 1050 698 505 175 509 0 1 262 510 698 474 262 31 659 474 262 30 0 1 262 506 0 5 233 542 659 477 233 31 698 505 233 509 0 1 175 1015 784 474 175 30 0 1 175 506 0 5 233 542 932 477 233 31 880 504 233 1 880 479 233 30 0 1 262 1014 0 1 262 505 784 476 262 30 0 5 349 542 880 477 349 30 0 1 330 505 784 479 330 30 0 1 294 1014 0 1 262 505 523 476 262 30 0 5 233 542 698 507 0 1 233 505 659 510 262 510 659 474 262 30 0 1 262 505 740 511 220 542 294 508 370 505 294 510 247 510 294 505 370 505 294 511 220 542 294 508 370 505 294 510 247 510 294 505 370 505 294 511 220 542 294 508 370 505 294 510 247 510 294 505 370 505 294 511 220 542 294 508 370 505 294 510 247 510 294 505 370 505 294 511 220 542 294 508 370 505 294 510 247 510 294 505 370 505 294 511 220 542 294 508 370 505 294 510 247 510 294 505 370 505 294 511 220 542 294 508 370 505 294 510 247 510 294 505 370 505 294 511 220 542 294 508 370 505 294 510 247 510 294 505 370 505 294 511 220 542 294 508 370 505 294 510 247 510 294 505 370 505 294 511 220 542 294 508 370 505 294 510 247 510 294 505 370 505 294 511 220 542 294 508 370 505 294 510 247 510 294 505 370 505 294 511 220 542 294 508 370 505 294 510 247 510 784 474 185 31 740 504 185 1 740 1560

   echo "Never Gonna give you a file"
   play 76800 0 3648 494 16 0 80 466 16 0 176 440 16 0 80 415 16 0 80 392 16 0 80 370 16 0 80 349 16 0 80 330 16 0 80 311 16 0 80 554 192 39 88 554 8 39 88 554 8 78 4 554 92 65 88 0 8 622 96 92 4 622 92 52 88 622 104 52 88 622 56 262 48 415 192 44 88 415 8 52 88 0 8 622 192 44 88 622 8 44 88 622 8 78 4 622 92 65 88 0 8 698 192 65 4 698 188 58 88 698 8 58 88 233 8 831 88 233 8 740 88 233 8 698 88 233 8 554 96 349 192 39 88 349 8 39 88 349 8 78 4 349 92 65 88 0 8 622 96 92 4 622 92 52 88 622 104 52 88 622 56 262 48 415 192 52 88 415 8 52 88 415 8 311 192 44 88 311 8 44 88 311 8 78 4 311 92 65 88 415 8 349 192 65 4 349 188 52 88 349 104 831 88 349 8 740 88 349 8 698 88 349 8 554 64 69 24 0 8 415 192 39 88 415 8 39 88 415 8 78 4 415 92 65 88 415 8 622 96 92 4 622 92 52 88 622 104 52 88 622 56 262 48 415 80 262 16 370 88 262 8 349 88 262 8 311 88 0 8 349 192 44 88 349 8 44 88 349 8 78 4 349 92 65 88 349 8 698 192 65 4 698 188 58 88 698 8 58 88 233 8 831 88 233 8 740 88 233 8 698 88 233 8 554 96 349 192 39 88 349 8 39 88 349 8 78 4 554 92 65 88 0 8 622 96 92 4 622 92 52 88 622 104 52 88 622 56 311 48 415 192 52 88 415 8 52 88 415 8 44 88 415 104 349 96 44 88 415 8 349 96 65 88 349 8 58 88 349 104 78 4 349 92 78 4 349 92 1109 64 52 24 349 8 1109 64 349 32 1109 64 52 24 349 8 1109 64 52 24 349 8 98 4 349 92 1109 64 69 24 0 8 185 192 277 88 185 8 58 88 185 8 277 96 69 88 185 8 233 96 92 4 233 76 185 16 277 176 52 16 311 192 78 4 311 68 185 120 44 88 0 8 52 88 0 8 208 192 262 96 58 88 208 8 233 96 69 88 208 8 262 192 65 4 262 68 208 24 233 88 208 8 208 192 78 4 208 68 311 120 44 88 0 8 52 88 0 8 277 192 233 88 277 8 58 88 277 8 233 96 69 88 277 8 262 96 92 4 262 76 277 16 277 176 52 16 233 176 185 16 78 4 185 188 208 96 58 88 0 8 415 192 39 88 233 8 39 88 233 8 415 96 39 88 0 8 311 192 65 4 311 188 52 88 311 8 52 88 262 8 52 88 262 104 44 88 0 8 52 88 0 8 277 192 233 88 277 8 58 88 277 8 233 96 69 88 277 8 262 96 92 4 262 76 277 16 277 176 52 16 233 176 349 16 277 176 349 16 311 96 52 88 0 8 262 192 262 96 58 88 311 8 233 96 69 88 311 8 262 192 65 4 262 68 311 24 233 88 311 8 208 192 78 4 208 68 311 120 44 88 0 8 52 88 0 8 831 192 233 88 831 8 58 88 831 8 233 96 69 88 831 8 262 96 92 4 262 76 831 16 277 176 52 16 233 176 831 16 208 176 831 16 58 88 831 8 58 88 831 8 311 88 277 104 311 88 698 8 39 88 698 8 311 96 39 88 0 8 349 176 622 16 311 96 110 4 311 92 554 96 52 88 554 8 52 88 311 104 466 96 52 88 466 8 277 192 58 88 277 8 58 88 277 8 78 4 277 92 69 88 277 8 65 88 277 8 92 4 277 92 52 192 311 176 370 16 349 176 370 16 277 96 52 88 0 8 311 88 262 104 311 88 262 8 58 88 262 8 311 96 69 88 262 8 349 176 262 16 311 176 262 16 208 176 262 16 208 192 44 88 208 8 52 88 0 8 370 192 58 88 370 8 58 88 370 8 78 4 370 92 69 88 370 8 65 88 370 8 92 4 370 92 233 176 370 16 262 176 370 16 277 176 370 16 233 96 52 88 0 8 370 192 311 96 370 96 349 96 69 88 0 8 311 96 110 4 311 92 78 4 311 92 78 4 311 92 208 64 523 32 831 64 523 32 208 88 523 8 233 88 523 8 277 88 523 8 233 88 0 8 349 192 39 88 1109 8 39 88 1109 8 349 96 65 88 0 8 311 96 92 4 311 84 1245 8 52 88 1245 104 52 88 1245 56 208 48 208 88 831 8 233 88 831 8 277 88 831 8 233 88 0 8 311 192 44 88 1245 8 44 88 1245 8 311 96 65 88 0 8 277 184 1397 8 65 4 1397 92 262 88 1397 8 233 96 58 88 0 8 208 88 0 8 233 88 0 8 277 88 0 8 233 88 1109 8 277 192 39 88 277 8 39 88 349 8 311 96 65 88 0 8 262 96 92 4 262 92 52 88 1245 8 233 88 1245 8 208 176 311 16 208 176 831 16 311 96 52 88 311 8 523 192 44 88 208 8 44 88 208 8 277 96 65 88 277 8 233 192 65 4 233 188 208 64 52 24 233 8 208 64 233 32 208 88 233 8 233 88 0 8 277 88 0 8 233 88 1109 8 349 192 39 88 277 8 39 88 277 8 349 96 65 88 0 8 311 96 92 4 311 92 52 88 311 104 52 88 311 72 523 24 262 8 208 88 831 8 233 88 831 8 277 88 831 8 233 88 0 8 415 192 44 88 1245 8 44 88 1245 8 262 96 65 88 0 8 277 192 65 4 277 68 554 16 1397 8 262 88 1397 8 233 96 58 88 0 8 208 88 0 8 233 88 0 8 277 88 0 8 233 88 1109 8 277 192 39 88 277 8 39 88 349 8 311 96 65 88 0 8 262 96 92 4 262 92 52 88 1245 8 233 88 1245 8 208 192 831 192 208 96 52 88 831 8 311 96 523 96 44 88 831 8 44 88 831 8 277 96 65 88 277 8 58 88 277 104 78 4 277 92 78 4 277 92 1109 64 52 24 277 8 1109 64 277 32 1109 64 52 24 233 8 1109 64 52 24 233 8 98 4 233 92 1109 64 69 24 0 8 185 192 58 88 185 8 58 88 185 8 233 96 69 88 185 8 262 96 92 4 262 76 185 16 277 88 52 104 277 176 185 16 311 176 185 16 262 96 52 88 262 8 208 96 233 88 208 8 208 96 58 88 208 8 78 4 208 92 69 88 208 8 65 88 208 104 65 4 208 188 117 4 208 188 78 4 208 188 44 88 0 8 52 88 0 8 277 192 233 88 277 8 58 88 277 8 233 96 69 88 277 8 262 96 92 4 262 76 277 16 277 176 52 16 233 176 185 16 78 4 185 188 208 96 58 88 0 8 415 192 39 88 233 8 39 88 233 8 415 96 39 88 0 8 311 192 65 4 311 156 262 32 349 96 52 88 262 8 311 176 262 16 277 96 52 88 0 8 277 192 233 88 277 8 58 88 277 8 233 96 69 88 277 8 262 96 92 4 262 76 277 16 277 176 52 16 233 176 349 16 277 176 349 16 311 96 52 88 0 8 262 192 262 96 58 88 311 8 233 96 69 88 311 8 262 192 65 4 262 92 233 88 311 8 208 192 78 4 208 188 44 88 0 8 52 88 0 8 831 192 233 88 831 8 58 88 831 8 233 96 69 88 831 8 262 96 92 4 262 76 831 16 277 176 52 16 233 176 831 16 208 176 831 16 58 88 831 8 58 88 831 8 311 176 277 16 311 88 698 8 39 88 698 8 311 96 39 88 0 8 349 176 622 16 311 96 110 4 311 92 554 96 52 88 554 8 52 88 311 104 466 96 52 88 466 8 277 192 58 88 277 8 58 88 277 8 78 4 277 92 69 88 277 8 65 88 277 8 92 4 277 92 52 192 311 176 370 16 349 176 370 16 277 96 52 88 0 8 311 88 262 104 311 88 262 8 58 88 262 8 311 96 69 88 262 8 349 176 262 16 311 176 262 16 208 176 262 16 208 192 44 88 208 8 52 88 0 8 370 192 58 88 370 8 58 88 370 8 78 4 370 92 69 88 370 8 65 88 370 8 92 4 370 92 233 176 370 16 262 176 370 16 277 176 370 16 233 96 52 88 0 8 370 192 311 96 370 96 349 96 69 88 0 8 311 96 110 4 311 92 78 4 311 92 78 4 311 92 208 64 523 32 831 64 523 32 208 88 523 8 233 88 523 8 277 88 523 8 233 88 0 8 349 192 39 88 1109 8 39 88 1109 8 349 96 65 88 0 8 311 96 92 4 311 84 1245 8 52 88 1245 104 52 88 1245 56 208 48 208 88 831 8 233 88 831 8 277 88 831 8 233 88 0 8 311 192 44 88 1245 8 44 88 1245 8 311 96 65 88 0 8 277 184 1397 8 65 4 1397 92 262 88 1397 8 233 96 58 88 0 8 208 88 0 8 233 88 0 8 277 88 0 8 233 88 1109 8 277 192 39 88 277 8 39 88 233 8 311 96 65 88 0 8 262 96 92 4 262 92 52 88 1245 8 233 88 1245 8 208 176 311 16 208 176 831 16 311 96 52 88 831 8 523 192 44 88 175 8 44 88 175 8 277 96 65 88 277 8 233 192 65 4 233 188 208 64 52 24 233 8 208 64 233 32 208 88 233 8 233 88 0 8 277 88 0 8 233 88 1109 8 349 192 39 88 233 8 39 88 233 8 349 96 65 88 0 8 311 96 92 4 311 92 52 88 311 104 52 88 311 72 523 24 262 8 208 88 831 8 233 88 831 8 277 88 831 8 233 88 0 8 415 192 44 88 1245 8 44 88 1245 8 262 96 65 88 0 8 277 192 65 4 277 68 554 16 1397 8 262 88 1397 8 233 96 58 88 0 8 208 88 0 8 233 88 0 8 277 88 0 8 233 88 1109 8 277 192 39 88 277 8 39 88 233 8 311 96 65 88 0 8 262 96 92 4 262 92 52 88 1245 8 233 88 1245 8 208 192 831 192 208 96 52 88 831 8 311 192 44 88 831 8 44 88 831 8 277 96 65 88 277 8 58 88 277 104 110 4 277 92 110 4 277 92 1109 64 52 24 277 8 1109 64 277 32 208 88 233 8 233 88 0 8 277 88 0 8 233 88 0 8 349 192 39 88 1109 8 39 88 1109 8 349 96 65 88 0 8 311 96 92 4 311 84 1245 8 52 88 1245 104 52 88 1245 56 208 48 208 88 831 8 233 88 831 8 277 88 831 8 233 88 0 8 311 192 44 88 1245 8 44 88 1245 8 311 96 65 88 0 8 277 184 1397 8 65 4 1397 92 262 88 1397 8 233 96 58 88 0 8 208 88 0 8 233 88 0 8 277 88 0 8 233 88 1109 8 277 192 39 88 277 8 39 88 233 8 311 96 65 88 0 8 262 96 92 4 262 92 52 88 1245 8 233 88 1245 8 208 88 1245 56 311 48 208 176 831 16 311 96 52 88 831 8 523 192 44 88 208 8 44 88 208 8 277 96 65 88 277 8 233 192 65 4 233 188 208 64 52 24 233 8 208 64 233 32 208 88 233 8 233 88 0 8 277 88 0 8 233 88 1109 8 349 192 39 88 233 8 39 88 233 8 349 96 65 88 0 8 311 96 92 4 311 92 52 88 311 104 52 88 311 72 523 24 208 8 208 88 831 8 233 88 831 8 277 88 831 8 233 88 0 8 415 192 44 88 1245 8 44 88 1245 8 262 96 65 88 0 8 277 192 65 4 277 68 554 16 1397 8 262 88 1397 8 233 96 58 88 0 8 208 88 0 8 233 88 0 8 277 88 0 8 233 88 1109 8 277 192 39 88 277 8 39 88 233 8 311 96 65 88 0 8 262 96 92 4 262 92 52 88 1245 8 233 88 1245 8 208 192 831 192 208 96 52 88 831 8 311 176 523 16 277 88 831 8 44 88 831 8 277 96 65 88 277 8 58 88 277 104 78 4 277 92 78 4 277 92 1109 64 52 24 277 8 1109 64 277 32 1109 64 52 24 233 8 1109 64 52 24 233 8 110 4 233 92 1109 64 69 24 233 8 415 192 69 88 415 8 233 48 78 40 415 8 78 4 415 92 92 88 415 8 277 48 87 40 415 8 92 4 415 92 349 96 87 40 349 32 69 24 87 40 78 48 415 8 349 48 415 48 104 40 415 48 0 8 370 88 0 8 349 48 44 40 0 8 311 88 0 8 554 192 349 48 52 40 0 8 554 96 349 96 69 88 0 8 311 48 415 144 65 4 415 76 0 16 117 40 0 56 117 4 0 92 117 40 0 56 139 40 0 56 156 40 0 56 58 88 0 8 156 40 69 48 0 8 415 192 69 88 415 8 233 48 78 40 415 8 78 4 415 92 92 88 415 8 277 48 87 40 415 8 92 4 415 92 349 96 87 40 349 32 69 24 87 40 78 48 415 8 349 48 415 48 104 40 415 48 0 8 370 88 0 8 349 48 44 40 0 8 311 88 0 8 554 192 349 48 52 40 0 8 554 96 349 96 69 88 0 8 311 48 415 144 65 4 415 76 0 16 117 40 0 56 117 4 0 92 117 40 0 56 139 40 0 56 156 40 0 56 58 88 0 8 156 40 69 48 0 8 415 192 208 88 415 8 233 48 78 40 415 8 277 88 415 8 233 88 415 8 349 48 87 40 415 8 92 4 415 92 208 88 349 8 233 72 69 24 277 88 415 8 233 48 415 48 349 96 370 88 0 8 349 48 44 40 0 8 311 88 0 8 554 192 349 48 52 40 0 8 554 96 349 96 69 88 0 8 311 48 415 144 65 4 415 76 0 16 117 40 0 56 117 4 0 92 117 40 0 56 139 40 0 56 156 40 0 56 58 88 0 8 156 40 69 48 0 8 415 192 208 88 415 8 233 48 78 40 415 8 277 88 415 8 233 88 415 8 349 48 87 40 415 8 92 4 415 92 208 88 349 8 233 72 69 24 277 88 415 8 233 48 415 48 349 96 370 88 0 8 349 48 44 40 0 8 311 88 0 8 554 96 110 4 554 92 349 48 52 40 0 8 554 96 349 96 69 88 0 8 311 48 415 144 78 4 415 76 0 16 117 40 0 56 117 4 0 92 117 40 0 56 139 40 0 56 156 40 0 56 58 88 0 8 69 88 0 8 65 4 0 188 277 176 0 16 277 176 0 16 233 96 92 4 233 76 0 16 277 176 0 16 311 192 78 4 311 156 0 32 117 4 0 188 65 4 0 188 262 176 0 16 233 176 0 16 262 192 65 4 262 68 0 24 233 88 0 8 208 192 78 4 208 188 117 4 208 60 0 128 65 4 0 188 233 88 0 104 233 176 0 16 262 96 92 4 262 76 0 16 277 176 0 16 233 176 0 16 208 192 117 4 208 156 0 32 277 192 415 88 277 104 415 176 0 16 311 192 65 4 311 156 208 32 349 176 208 16 311 176 208 16 277 176 208 16 65 4 0 188 277 176 0 16 277 176 0 16 233 96 92 4 233 76 0 16 277 176 0 16 233 176 0 16 277 176 0 16 311 176 0 16 65 4 0 188 262 176 0 16 233 176 0 16 262 192 65 4 262 68 0 24 233 88 0 8 208 192 78 4 208 188 117 4 208 60 0 128 65 4 0 188 233 176 0 16 233 176 0 16 262 96 92 4 262 76 0 16 277 176 0 16 233 176 0 16 208 192 117 4 208 156 0 32 277 192 311 176 277 16 349 96 0 96 349 192 110 4 349 92 110 4 349 60 311 32 311 96 98 4 311 92 78 4 311 92 110 4 311 60 262 32 98 4 262 92 98 4 0 92 277 192 58 88 277 8 58 88 277 8 78 4 277 92 69 88 277 8 65 88 277 8 92 4 277 92 52 192 311 176 932 16 349 176 932 16 277 96 52 88 0 8 311 176 1245 16 311 96 58 88 1245 8 311 96 69 88 1245 8 349 176 262 16 311 176 1397 16 208 176 1397 16 208 192 44 88 208 8 52 88 208 8 932 192 58 88 932 8 58 88 932 8 78 4 932 92 69 88 932 8 65 88 932 8 92 4 932 92 233 176 932 16 262 176 932 16 277 176 932 16 233 96 52 88 0 8 370 96 0 96 311 96 370 96 349 96 69 88 0 8 311 192 78 4 311 92 78 4 311 92 831 64 311 32 208 64 523 32 208 88 523 8 233 88 523 8 277 88 523 8 233 88 0 8 349 192 39 88 1109 8 39 88 1109 8 349 96 65 88 0 8 311 96 92 4 311 84 1245 8 52 88 1245 104 52 88 1245 56 208 48 208 88 831 8 233 88 831 8 277 88 831 8 233 88 0 8 311 192 44 88 1245 8 44 88 1245 8 311 96 65 88 0 8 277 184 1397 8 65 4 1397 92 262 88 1397 8 233 96 58 88 0 8 208 88 0 8 233 88 0 8 277 88 0 8 233 88 1109 8 277 192 39 88 277 8 39 88 349 8 311 96 65 88 0 8 262 96 92 4 262 92 52 88 1245 8 233 88 1245 8 208 176 311 16 208 176 831 16 311 96 52 88 311 8 523 192 44 88 208 8 44 88 208 8 277 96 65 88 277 8 233 192 65 4 233 188 208 64 52 24 233 8 208 64 233 32 208 88 233 8 233 88 0 8 277 88 0 8 233 88 1109 8 349 192 39 88 277 8 39 88 277 8 349 96 65 88 0 8 311 96 92 4 311 92 52 88 311 104 52 88 311 72 523 24 262 8 208 88 831 8 233 88 831 8 277 88 831 8 233 88 0 8 415 192 44 88 1245 8 44 88 1245 8 262 96 65 88 0 8 277 192 65 4 277 68 554 16 1397 8 262 88 1397 8 233 96 58 88 0 8 208 88 0 8 233 88 0 8 277 88 0 8 233 88 1109 8 277 192 39 88 277 8 39 88 349 8 311 96 65 88 0 8 262 96 92 4 262 92 52 88 1245 8 233 88 1245 8 208 192 831 192 208 96 52 88 831 8 311 96 523 96 44 88 831 8 44 88 831 8 277 96 65 88 277 8 58 88 277 104 110 4 277 92 110 4 277 92 1109 64 52 24 277 8 1109 64 277 32 208 88 233 8 233 88 0 8 277 88 0 8 233 88 0 8 349 192 39 88 1109 8 39 88 1109 8 349 96 65 88 0 8 311 96 92 4 311 84 1245 8 52 88 1245 104 52 88 1245 56 208 48 208 88 831 8 233 88 831 8 277 88 831 8 233 88 0 8 311 192 44 88 1245 8 44 88 1245 8 311 96 65 88 0 8 277 184 1397 8 65 4 1397 92 262 88 1397 8 233 96 58 88 0 8 208 88 0 8 233 88 0 8 277 88 0 8 233 88 1109 8 277 192 39 88 277 8 39 88 233 8 311 96 65 88 0 8 262 96 92 4 262 92 52 88 1245 8 233 88 1245 8 208 88 1245 56 311 48 208 176 831 16 311 96 52 88 831 8 523 192 44 88 208 8 44 88 208 8 277 96 65 88 277 8 233 192 65 4 233 188 208 64 52 24 233 8 208 64 233 32 208 88 233 8 233 88 0 8 277 88 0 8 233 88 1109 8 349 192 39 88 233 8 39 88 233 8 349 96 65 88 0 8 311 96 92 4 311 92 52 88 311 104 52 88 311 72 523 24 208 8 208 88 831 8 233 88 831 8 277 88 831 8 233 88 0 8 415 192 44 88 1245 8 44 88 1245 8 262 96 65 88 0 8 277 192 65 4 277 68 554 16 1397 8 262 88 1397 8 233 96 58 88 0 8 208 88 0 8 233 88 0 8 277 88 0 8 233 88 1109 8 277 192 39 88 277 8 39 88 233 8 311 96 65 88 0 8 262 96 92 4 262 92 52 88 1245 8 233 88 1245 8 208 192 831 192 208 96 52 88 831 8 311 176 523 16 277 88 831 8 44 88 831 8 277 96 65 88 277 8 58 88 277 104 78 4 277 92 78 4 277 92 1109 64 52 24 277 8 1109 64 277 32 208 88 233 8 233 88 0 8 277 88 0 8 233 88 0 8 349 192 39 88 1109 8 39 88 1109 8 349 96 65 88 0 8 311 96 92 4 311 84 1245 8 52 88 1245 104 52 88 1245 56 208 48 208 88 831 8 233 88 831 8 277 88 831 8 233 88 0 8 311 192 44 88 1245 8 44 88 1245 8 311 96 65 88 0 8 277 184 1397 8 65 4 1397 92 262 88 1397 8 233 96 58 88 0 8 208 88 0 8 233 88 0 8 277 88 0 8 233 88 1109 8 277 192 39 88 277 8 39 88 233 8 311 96 65 88 0 8 262 96 92 4 262 92 52 88 1245 8 233 88 1245 8 208 88 1245 56 311 48 208 176 831 16 311 96 52 88 831 8 523 192 44 88 208 8 44 88 208 8 277 96 65 88 277 8 233 192 65 4 233 188 208 64 52 24 233 8 208 64 233 32 208 88 233 8 233 88 0 8 277 88 0 8 233 88 1109 8 349 192 39 88 233 8 39 88 233 8 349 96 65 88 0 8 311 96 92 4 311 92 52 88 311 104 52 88 311 72 523 24 262 8 208 88 831 8 233 88 831 8 277 88 831 8 233 88 0 8 415 192 44 88 1245 8 44 88 1245 8 262 96 65 88 0 8 277 192 65 4 277 68 554 16 1397 8 262 88 1397 8 233 96 58 88 0 8 208 88 0 8 233 88 0 8 277 88 0 8 233 88 1109 8 277 192 39 88 277 8 39 88 233 8 311 96 65 88 0 8 262 96 92 4 262 92 52 88 1245 8 233 88 1245 8 208 192 831 192 208 96 52 88 831 8 311 96 523 96 277 88 831 8 44 88 831 8 277 96 65 88 277 8 58 88 277 104 110 4 277 92 110 4 277 92 52 88 277 8 98 4 277 92 415 96 466 96 554 96 466 96 1397 192 39 88 466 8 1397 96 73 4 1397 76 0 112 1245 528 0 48 1661 96 110 4 1661 92 98 4 1661 92 98 4 1661 60 0 32 1661 32 35 1248 1661 188 523 68
   echo "Fleetwood Mac: The Chain Bass Riff Extended Version (WARNING, 25 SECONDS)"
   play 9120 55 150 0 30 55 30 62 30 65 60 62 30 55 30 49 30 55 30 62 60 41 360 0 120 55 150 0 30 55 30 62 30 65 60 62 30 55 30 49 30 55 30 62 60 41 360 0 60 41 12 42 3 43 3 44 3 45 3 46 6 47 3 48 3 49 6 50 3 51 3 52 6 53 3 54 3 55 150 0 30 55 30 62 30 65 60 62 30 55 30 49 30 55 30 62 60 41 240 82 20 0 10 82 26 0 4 82 26 0 4 82 26 0 4 82 56 0 4 82 60 55 150 0 30 55 30 62 30 65 60 62 30 55 30 49 30 55 30 62 60 41 360 0 120
}
